05/06/2017,00:01:31,431597,903544,559611,640586,232169,422282,689656,123285,21374,3385,431515,901850,559585,640848,231445,421181,688064,122025,21268,3353,430767,902675,558802,639672,230363,420538,689644,118915,21049,3304,33.2
05/06/2017,00:03:29,429471,900093,557011,636884,227686,416428,686973,113977,20685,3222,429355,899092,556119,634884,226427,415428,686186,113641,20568,3196,429227,898489,556158,635191,225747,414828,685857,112958,20467,3172,33.2
05/06/2017,00:05:13,429515,898026,556946,634894,224913,413705,684757,112082,20275,3125,428888,896272,556456,633541,223987,412489,684081,111606,20148,3094,427833,895770,554557,631752,222572,410473,683788,110962,19950,3054,33.2
05/06/2017,00:16:10,420027,882522,544523,612598,203319,385331,672925,96670,17189,2439,420535,881902,544659,611777,202647,384375,671854,95192,17085,2416,420736,880476,545438,612897,202359,384580,671625,94896,16974,2390,33.0
05/06/2017,00:18:08,419992,880157,544239,610556,200360,381996,671053,94744,16716,2330,419777,879573,543646,609317,199409,380247,670236,94146,16558,2297,419219,878867,542672,608211,198073,378615,669935,93235,16383,2264,32.9
05/06/2017,00:21:14,418365,876745,541953,605451,194588,374315,668263,93196,15877,2157,418010,876189,541304,604906,193767,373313,667968,93283,15763,2131,417351,874991,540461,602580,192453,371605,667004,92637,15605,2100,32.7
05/06/2017,00:25:31,412702,867643,534080,590664,181382,356378,659893,82377,14191,1828,411573,866896,532116,588400,179854,353819,659518,81712,14006,1798,412884,866967,534368,589901,179734,354507,659567,81841,13962,1783,32.5
05/06/2017,00:27:29,411147,865511,532301,586828,177689,351492,658973,81215,13706,1735,411818,864688,533020,587202,177383,351341,658126,81012,13644,1716,411048,864791,531554,585647,176249,349325,657729,80550,13489,1691,32.6
05/06/2017,00:30:52,408609,861846,528583,579983,170935,342580,655214,78203,12826,1570,409793,861328,529959,581038,171190,343396,655266,78107,12809,1560,408496,861150,529008,579700,169906,341345,654791,77339,12627,1531,32.5
05/06/2017,00:41:47,396113,834143,510607,547831,144589,304683,632668,64054,9689,1029,395012,832457,508863,544441,142946,302102,631203,63111,9524,1005,393257,829747,507052,542036,141551,299904,629190,62438,9386,982,32.4
05/06/2017,00:46:31,390742,823912,503375,533209,133278,288032,624813,59590,8438,835,390137,825027,502041,531871,131940,286441,625015,59635,8312,816,389975,824242,502310,530575,130895,284714,623925,59679,8169,797,32.1
05/06/2017,00:48:31,389773,823673,500797,528221,128357,281012,623799,58262,7906,757,389245,823050,500684,526236,126896,278466,622580,57341,7759,735,388386,821165,499297,524079,125515,276661,621411,56835,7621,716,32.2
05/06/2017,00:52:31,385064,814500,494641,514655,118036,265362,616233,53453,6840,609,384409,814742,493126,512186,116615,263232,615966,52838,6730,591,384457,814084,493203,511982,115657,261810,615071,52349,6618,577,32.0
05/06/2017,00:54:33,383191,810985,491562,508309,113311,258364,613408,51942,6402,548,382508,811283,490713,506995,112254,256671,613385,51957,6285,533,381999,811007,489901,504942,110704,253983,612351,51634,6135,515,32.0
05/06/2017,00:58:31,378040,802248,483868,492818,102256,240608,604550,47788,5365,418,376783,800701,483008,490831,101050,238772,603395,47060,5268,408,376299,799076,481717,488346,99510,236427,602033,46404,5137,394,31.7
05/06/2017,01:00:29,373212,796929,477563,482739,96610,231444,600085,44962,4894,366,373844,795971,478788,482690,95652,230058,598652,44361,4796,354,372187,792766,476567,479713,94094,227389,596321,43521,4673,341,31.7
05/06/2017,01:04:21,366350,781977,467914,464553,85434,212377,587255,39848,3973,268,366546,780558,467644,463275,84171,210545,585711,39312,3858,256,363720,778308,464806,459119,82388,207174,584384,38579,3751,246,31.4
05/06/2017,01:07:31,362375,772416,462210,452407,77519,199270,579545,36800,3357,206,360108,771611,458845,448668,75840,196105,578677,36099,3245,197,359891,770471,459319,447561,74703,194496,577537,35734,3164,187,31.3
05/06/2017,01:09:33,358732,767542,456993,443617,72649,190690,575714,34874,3012,175,357118,764729,454601,440110,71314,188210,573692,34240,2921,165,356986,763784,454129,438697,70216,186291,572811,33636,2832,159,31.3
05/06/2017,11:42:29,358831,797023,476399,457718,74029,196760,597304,36239,3199,192,357398,799893,475990,461397,74895,198120,598745,36794,3273,200,359411,802472,478080,463873,76493,201339,600421,37705,3391,210,16.5
05/06/2017,11:46:21,363717,808689,483796,476685,83817,214147,606940,40931,3932,262,366023,811883,486913,480526,85371,217388,608545,41737,4069,277,365997,814345,487586,481389,86798,218681,610733,42531,4181,288,16.7
05/06/2017,11:49:41,370069,814148,494112,491539,93395,229938,617168,45131,4704,344,370822,820752,494032,493699,94215,231125,615550,45667,4790,354,371004,820952,498135,498118,96038,234929,619029,46679,4955,370,17.0
05/06/2017,11:51:41,372269,824181,498606,501136,98478,239273,619027,47584,5165,396,373769,826635,500284,504613,100017,240967,621872,48174,5283,411,374305,826877,500759,506189,101765,242897,623347,49004,5420,429,17.2
05/06/2017,11:55:41,378605,834453,506854,518762,109474,257410,628418,52728,6154,513,378174,836245,507666,519348,110606,258243,632087,53307,6253,527,379909,836907,508712,522392,111918,261026,631373,53761,6391,545,17.3
05/06/2017,11:57:39,380496,838430,510827,523944,114113,264875,633626,55051,6636,578,381827,839943,511447,528645,115846,267940,633922,55725,6772,597,381814,839633,513467,530158,117287,269086,635302,56249,6932,613,17.6
05/06/2017,12:01:41,384371,847565,516789,537170,124848,280854,640889,60277,7696,721,386952,847138,518648,540910,126317,283448,642245,61117,7856,743,386368,849623,520301,547264,128104,286321,641954,62026,8007,765,17.6
05/06/2017,12:03:38,387470,850023,521011,544659,129674,287974,643088,62521,8216,795,387769,851572,522117,547168,130696,289818,644688,63205,8337,817,389147,855193,523292,549530,133023,293036,645458,64178,8464,839,17.9
05/06/2017,12:07:41,391509,858719,524925,558947,140423,305134,651274,67838,9411,974,391768,860056,528847,560929,142208,307697,651500,68656,9572,996,392906,860064,528112,563881,143226,308475,651029,69126,9687,1019,17.9
05/06/2017,12:10:14,393767,863449,531310,566994,147251,314485,653584,71414,10147,1089,394000,861985,532184,568016,148630,315430,654116,72078,10270,1113,394586,863469,533432,570059,149921,317207,654645,72693,10422,1140,18.1
05/06/2017,12:13:41,397095,866960,535944,576861,155768,326852,658382,75820,11133,1257,395437,867872,534870,574952,155828,326909,659763,76320,11232,1270,397539,868685,537695,579677,157906,329259,660852,77102,11395,1302,18.2
05/06/2017,12:16:41,398112,871336,538265,582707,161860,333530,662229,80361,11953,1400,400269,871210,541732,585539,163879,338312,661569,81271,12183,1433,400791,872450,539481,586583,165293,340727,662970,81631,12293,1459,18.4
05/06/2017,12:19:41,402205,877869,542731,591599,169523,346543,666667,84698,12862,1561,403374,877954,544655,594165,171425,349042,667534,85493,13065,1591,402209,877166,545015,595315,172206,349342,668423,86552,13174,1619,18.5
05/06/2017,12:21:38,402898,878353,545333,596326,174270,351969,669925,87420,13454,1668,403799,878608,544916,595831,175072,352668,668426,87394,13499,1688,403931,879700,544879,596187,175951,354270,668579,87949,13639,1715,18.7
05/06/2017,12:32:16,411488,891034,556974,620893,197924,384308,681155,100927,16598,2294,412208,891941,556394,621538,198914,385744,680592,101830,16779,2326,410689,892522,554822,619249,198438,385460,678964,101555,16822,2340,19.4
05/06/2017,12:34:14,411670,893312,556572,620738,201015,388659,682252,103591,17129,2406,412878,894796,557375,624326,202381,390102,682345,104066,17286,2441,413546,892622,557961,625995,203459,391739,683927,104760,17481,2473,19.6
05/06/2017,12:36:13,412561,893558,556644,625793,204060,392990,682529,105229,17658,2525,413467,895934,559727,627125,205767,394558,683379,105957,17843,2546,412986,894101,557955,627470,206553,395603,682857,105768,17932,2582,19.7
05/06/2017,12:40:41,415845,898604,561737,635347,213398,405408,686692,109988,19007,2810,415640,900146,562436,636324,214772,406005,687154,111001,19109,2839,415560,899108,561996,636135,215301,407546,686723,111404,19224,2874,19.7
05/06/2017,12:42:39,415873,900814,563975,637982,217040,409002,687292,112451,19506,2927,416142,900757,561982,637971,217357,409661,686572,112771,19583,2949,415610,900948,562369,636589,219387,411443,687244,112909,19694,3007,19.9
05/06/2017,12:46:41,417606,901035,565209,642104,223095,417401,688722,116000,20577,3176,418258,901893,563636,642402,224859,419298,688648,116239,20615,3200,419031,901447,564537,643924,225530,420002,688738,117426,20816,3258,20.0
05/06/2017,12:48:48,418289,900694,565277,645298,227198,421817,687680,118454,21081,3303,417517,901307,564833,643516,227856,422249,688319,118930,21229,3340,416475,902301,564784,645064,228346,422487,687647,119126,21351,3365,20.2
05/06/2017,12:59:09,423286,910010,570810,658717,243339,441584,695352,127139,23805,3969,422274,909511,570214,656981,244173,442619,695647,126740,23848,3992,423115,910699,572331,659974,245712,443265,696085,128317,24065,4040,21.0
05/06/2017,13:09:51,429622,919470,580796,675616,260839,464308,703146,137925,26704,4700,428570,919578,580503,677249,261137,464966,703173,137224,26619,4708,428055,919634,577756,673242,260780,463044,703898,137091,26671,4705,21.7
05/06/2017,13:11:49,427942,918892,579086,674400,262280,466011,704502,138590,26925,4787,428306,920606,579441,675660,263442,466586,704656,138509,27050,4813,428935,920707,580200,676668,264182,467267,704096,139029,27171,4850,21.8
05/06/2017,13:16:41,430054,923380,580548,679861,268827,472858,706032,142576,28049,5089,430653,922725,582162,680238,269946,473423,707396,142895,28168,5119,430133,923405,582085,680168,270085,475359,706979,143527,28242,5155,21.7
05/06/2017,13:18:39,431229,924938,583820,682394,272056,475628,707986,145057,28534,5222,431221,925694,583715,685062,273821,477916,707615,145682,28807,5282,431796,925883,583837,686528,273783,478433,708152,146270,28863,5291,21.9
05/06/2017,13:22:41,431362,926119,583452,685116,276323,481513,709389,148413,29357,5467,431829,926444,582721,684729,276884,482955,709745,148596,29500,5494,432077,927655,584414,688312,277588,482963,708669,148828,29625,5531,22.0
05/06/2017,13:25:41,432213,926801,584318,687825,280327,485261,710109,150071,29996,5661,432413,927423,585355,690365,281218,486886,709267,150980,30241,5699,433676,927307,586742,689641,282441,487774,709974,151424,30359,5732,22.0
05/06/2017,13:28:41,432439,928060,584742,690869,284271,490473,710569,153207,30697,5847,432766,928269,584976,690904,284065,490024,710479,152936,30809,5870,433231,927830,585349,691664,285277,491385,711209,154267,30943,5901,22.1
05/06/2017,13:31:40,434192,928518,587091,692967,287214,493635,711759,155681,31369,6032,434138,929609,587569,694210,287854,495279,712030,156170,31543,6076,434647,929760,586984,694852,288880,496633,712176,156021,31594,6106,22.1
05/06/2017,13:34:41,434026,930261,586677,694193,289720,495944,712810,157979,31861,6197,435257,931984,587625,696176,291282,498308,713584,158914,32068,6248,434549,931031,588362,698148,291722,499377,713672,159589,32207,6286,22.3
05/06/2017,13:37:41,435470,933493,588700,697789,294001,502654,714792,161214,32604,6396,436513,932410,589977,701324,295344,503546,714589,161883,32875,6477,435767,933620,589570,699597,295817,503797,714786,162201,32949,6488,22.4
05/06/2017,13:40:41,436994,932938,589965,701860,297948,507260,714269,164133,33272,6589,435954,932608,589509,699583,297855,507244,716089,164084,33394,6610,435633,933401,589189,700243,297875,506067,714456,164123,33405,6653,22.6
05/06/2017,13:43:41,437828,934944,590710,702700,300538,508873,715957,165377,33666,6733,438147,934563,591453,705273,302042,511635,716246,166776,34050,6830,437953,935121,591520,706219,301728,510478,716990,166319,33999,6811,22.8
05/06/2017,13:46:41,438226,935326,591827,705608,303927,512998,716225,167800,34404,6936,436932,933934,590509,705267,302903,513044,716201,168015,34467,6959,437449,934246,591021,705175,304110,513079,716007,167152,34561,6993,22.9
05/06/2017,13:48:40,438337,935619,592057,707121,305639,515492,716867,168144,34812,7060,438474,936334,592156,706543,305925,515494,718002,167837,34915,7088,438351,936401,592224,706162,306440,515577,717741,168025,34864,7087,23.1
05/06/2017,13:58:57,441576,940174,597110,714225,315380,526417,720543,175631,36718,7631,440771,939613,594751,713991,315482,527789,719439,175284,36676,7666,440419,938943,594044,712919,315649,525717,719893,175451,36737,7669,24.0
05/06/2017,14:10:42,443740,945260,597310,718500,324898,537567,725346,182938,38593,8252,444638,945694,599593,722840,326786,541581,724951,183206,38735,8274,445248,945906,601985,726202,328170,541864,725174,184477,38964,8349,24.7
05/06/2017,14:13:42,444054,944562,599166,723391,328147,540687,724826,185293,39102,8421,445462,945369,599654,723757,329537,541641,724818,185409,39243,8460,444718,943907,597317,720709,327881,538422,724086,185007,39076,8433,24.8
05/06/2017,14:16:42,446177,945964,601714,726008,330720,544248,725153,187275,39653,8571,445408,946797,600137,725436,331000,543203,725427,186341,39529,8561,445450,945392,599963,726128,332098,546249,724716,188607,40015,8660,25.0
05/06/2017,14:19:42,444363,942813,596775,720917,330901,543053,722591,187194,39618,8636,444255,942340,597262,721944,331060,543663,722599,188731,39962,8729,445257,944363,599587,724610,333012,545028,724828,189175,40184,8781,25.1
05/06/2017,14:22:03,445661,946281,597353,722542,332530,544874,724321,188081,40001,8771,444753,944567,597782,722982,332349,544722,724969,188366,40184,8805,446797,947111,600275,726906,334019,547706,725032,188910,40487,8852,25.3
05/06/2017,14:32:19,449231,952001,603797,733064,340875,555741,729132,195290,41709,9292,449462,951782,602402,729742,340397,553919,728267,195329,41706,9299,449601,951616,602716,731675,342191,555492,730040,196251,41898,9331,26.1
05/06/2017,14:42:52,449290,950871,602916,733515,345211,560248,730446,198618,42954,9715,450902,953475,604855,736173,347541,561823,730248,198253,43051,9769,451215,953221,604877,735143,346923,561881,729887,198741,43069,9747,26.5
05/06/2017,14:53:11,452179,955817,607116,738860,353815,569743,732945,204839,44482,10251,451274,955564,605463,738520,352283,567473,732468,204076,44213,10175,452583,956111,607770,740603,354441,569671,732756,205322,44400,10232,26.5
05/06/2017,15:03:44,451466,954330,605072,739227,356558,571770,731363,206011,45117,10519,451849,954592,606796,741223,357569,572408,731264,206849,45277,10563,451610,953740,604248,739675,357061,570744,730375,206473,45254,10550,26.7
05/06/2017,15:05:43,449295,951189,602663,736356,355025,568459,728927,204238,44972,10497,450077,951678,603852,739093,357391,569899,729678,205208,45203,10556,451100,951672,605461,740692,358171,573368,729595,207122,45375,10618,26.7
05/06/2017,15:07:42,452703,954156,606508,741345,357313,570874,730417,207629,45547,10638,449291,952105,602062,735030,356480,569044,729601,206515,45205,10595,451300,952709,605663,739921,358366,571490,729834,206940,45486,10646,26.7
05/06/2017,15:10:42,450541,953623,604554,739827,358798,573920,730722,207171,45801,10767,451112,955559,604527,739683,358832,572225,731692,207205,45634,10757,451929,953803,606022,741916,360980,575005,730594,208681,45973,10788,26.6
05/06/2017,15:13:42,452604,956307,607316,743131,363157,576935,733385,211405,46185,10905,454907,957127,608015,744358,362266,578817,734015,211699,46307,10935,453251,956953,610120,745448,363350,580555,733425,212968,46553,10951,26.6
05/06/2017,15:16:42,452257,957688,608505,746018,364282,581029,734074,213708,46663,11034,453992,959030,607968,744787,363972,579457,735200,214665,46730,11054,454045,959506,609439,746101,364544,580456,735531,215087,46707,11064,26.5
05/06/2017,15:19:42,453764,957935,608928,747421,364248,579166,733914,212225,46780,11100,452539,956901,606642,743765,363756,578730,733158,211469,46777,11075,452285,957218,607024,743065,363639,577623,733925,211553,46604,11049,26.6
05/06/2017,15:22:42,452835,956982,606312,743359,363705,577143,733476,210677,46809,11107,452353,957670,607249,742253,363593,578115,733126,211614,46627,11074,453534,958253,608637,746058,366354,581222,733400,213678,47206,11256,26.7
05/06/2017,15:25:42,454527,958934,609117,746023,367111,581487,732124,215789,47300,11265,451175,953074,606850,742720,365201,580254,732076,215007,47488,11303,451763,955189,605976,742827,364716,578585,731797,213926,47015,11247,26.7
05/06/2017,15:36:01,454885,960529,610657,750997,372163,586630,735815,222595,48259,11644,455289,960205,609306,749496,371823,586325,735165,222079,48253,11621,454351,959512,608909,747578,370278,584473,735491,219459,48033,11568,27.4
05/06/2017,15:46:37,455060,960612,606751,747580,372321,588122,735976,221648,48507,11802,455070,960681,610020,749901,373810,590053,735786,223519,48973,11925,454645,961261,607306,749656,375294,590299,736650,226979,49122,11960,27.8
05/06/2017,15:49:42,456915,961885,610626,750767,375127,592022,737630,226753,49317,12086,455748,962293,608233,749786,374700,589042,736918,227883,49178,11976,455942,960529,609765,750066,374927,589442,735319,226591,49182,11982,28.0
05/06/2017,15:52:42,456822,964076,610761,754765,376279,591493,737361,225357,49285,12038,458388,963752,612746,754454,378369,594064,737841,227744,49784,12144,456352,964395,609034,751816,376670,591915,737673,226914,49526,12057,28.0
05/06/2017,15:55:42,456576,961956,610293,750423,377162,592806,737334,228091,49430,12053,457235,963811,610667,752797,376991,592665,737994,227920,49593,12131,458563,964020,613083,755259,378904,594389,738774,231132,49833,12228,28.0
05/06/2017,15:58:43,455637,964395,609467,750107,376291,591402,738784,227870,49434,12133,457666,963652,610733,752885,378608,592834,738791,229342,49835,12219,456747,963711,612133,752841,379307,594518,738585,227614,49781,12230,28.1
05/06/2017,16:01:43,456201,962105,610113,752679,378270,593425,737521,227190,49791,12257,456689,963670,610566,753031,379053,593671,738468,227460,49915,12248,457712,962904,610898,753664,378747,593912,737459,228578,49888,12247,28.2
05/06/2017,16:04:43,457431,963486,611019,753458,379989,595843,737227,230251,50078,12290,457433,963063,610370,752962,380225,594998,737298,229121,50101,12337,457733,963753,611317,753543,380415,596109,738233,229970,50163,12397,28.2
05/06/2017,16:07:43,457351,965520,611174,753973,381665,596896,739955,231046,50391,12434,457262,965320,610317,752561,380769,594437,739998,230161,50146,12364,458326,965749,610544,753686,381379,595785,739009,230027,50248,12404,28.2
05/06/2017,16:10:43,457190,964924,610293,751705,380510,595544,738770,228183,50296,12426,458067,964391,612110,754335,381917,596871,738956,230023,50379,12476,457457,963763,608210,749800,379577,594465,739265,228746,50279,12411,28.3
05/06/2017,16:13:43,457504,962991,610956,754633,382495,598263,738633,230333,50538,12508,458224,964744,611845,753801,382565,598419,739161,230875,50723,12573,457964,965589,610869,754685,382885,598221,738918,232172,50682,12557,28.3
05/06/2017,16:16:43,457922,964512,612096,753700,383050,598719,739282,230383,50922,12606,458876,964593,611970,755499,383430,598187,739697,231294,50891,12642,459034,964415,611088,755118,382782,596083,739972,231109,50727,12574,28.4
05/06/2017,16:19:43,458836,965445,611839,756241,384606,599124,739873,232756,51029,12647,458122,964706,611025,754558,383157,597044,738453,230205,50715,12611,457991,964492,613562,757120,385412,599303,739001,233212,50973,12610,28.6
05/06/2017,16:22:43,458128,966129,611406,755224,384432,598947,739537,232973,51170,12718,457845,965989,610974,755108,383617,597037,739856,231621,50962,12690,458665,966601,610400,755275,384680,598253,739928,234266,51220,12767,28.7
05/06/2017,16:25:43,459355,965779,611172,755904,385247,600603,740219,231131,51240,12763,458826,966315,610680,755520,385622,600040,740273,231169,51145,12761,459676,966161,612394,755670,386282,599279,740196,230224,51116,12761,28.8
05/06/2017,16:37:43,460983,968595,613006,756919,388588,602734,741427,233405,51691,12959,460717,968432,612995,757950,388215,603122,741893,233682,51712,12978,461627,968221,613802,758225,388843,602782,742167,234114,51824,13004,29.4
05/06/2017,16:40:43,461408,968611,613526,758935,389599,604201,741778,236591,52015,13076,461446,968968,612923,756696,388623,602466,742420,234902,51652,12989,460305,969279,610992,757672,388434,602356,741840,233252,51814,12992,29.5
05/06/2017,16:43:43,460224,968326,613046,759145,390274,605122,741669,235991,51964,13062,460343,968767,611105,756722,389604,603445,741074,235558,51918,13057,461697,969566,612754,758057,389106,604369,742334,237166,52000,13079,29.6
05/06/2017,16:46:43,460188,969838,611115,756849,389467,603305,742201,238461,52019,13068,461032,968702,613344,758712,390652,604934,742877,238239,52254,13166,462255,968861,614470,758371,390868,603768,741591,236233,52143,13090,29.5
05/06/2017,16:49:43,460972,969020,612246,757521,389357,603789,741964,235881,52168,13129,460859,968226,611974,757932,389673,603422,742279,237021,52237,13148,460982,969200,612753,758618,390406,604050,742276,237738,52270,13163,29.4
05/06/2017,16:52:43,459982,965876,610902,758485,389904,604539,740316,235286,52146,13137,458880,966298,610633,756563,389900,602189,739339,234682,51946,13088,460057,967366,612311,756885,389833,602906,740703,236354,52085,13161,29.5
05/06/2017,16:55:43,459215,964004,609866,756253,389090,602811,739762,233889,52143,13137,459714,967432,610901,756357,389498,602566,741026,233115,52096,13134,460581,967683,610442,753820,388920,601920,740409,233516,51874,13106,29.7
05/06/2017,16:58:43,460391,967878,610442,756918,390404,603133,741003,236210,52215,13163,460557,968514,609709,755437,387839,599292,740075,231457,51857,13087,458704,964434,609514,754363,388713,599349,737608,228699,51710,13075,29.9
05/06/2017,17:01:43,459255,962240,608101,753783,387767,600403,737212,233525,52206,13157,457313,964440,607863,752416,387429,597924,737569,231896,51902,13114,456891,961132,606978,751744,388322,598638,737618,231287,51800,13075,29.9
05/06/2017,17:04:43,459611,966275,608541,753026,387597,600371,739066,232930,52015,13154,458294,963384,607161,752368,388292,600537,738265,232865,51832,13109,458683,964173,608359,753794,388816,600950,738033,233727,51970,13120,30.0
05/06/2017,17:07:43,461406,966986,611189,755835,390918,602643,740634,237492,52332,13238,460362,966857,610129,755859,390243,601491,740549,237129,52257,13205,460032,965803,610376,757197,391851,603527,739622,236647,52298,13221,30.1
05/06/2017,17:10:43,459705,964895,608475,753220,389715,600813,739355,236641,52184,13245,460286,964849,608998,754043,390362,600968,738782,235944,52228,13235,459893,965881,610562,756020,391608,603405,738571,236098,52294,13245,30.0
05/06/2017,17:13:43,460135,970454,610606,755469,391952,604408,742156,244225,52527,13326,460643,969101,611034,757506,393374,604294,742124,243364,52616,13332,460593,968921,610356,757058,391079,602229,741737,240457,52485,13325,29.9
05/06/2017,17:16:43,460806,966785,610543,757320,392079,604193,740363,240420,52444,13325,460777,968301,611131,757450,393080,605592,741086,241039,52496,13321,459573,965256,608942,755098,391303,601906,740077,241722,52383,13317,30.0
05/06/2017,17:19:43,459139,965626,608544,754483,391186,602146,739134,240774,52454,13317,460097,966592,609623,755183,390858,602192,739986,242336,52217,13277,458448,964791,606481,751173,388987,598843,736319,239387,52050,13232,30.1
05/06/2017,17:22:43,459224,966125,610330,755685,393960,605214,739806,244182,52527,13343,459584,966283,609156,756211,391863,602474,739491,244533,52466,13362,459358,965504,608253,754847,390990,601344,739051,243326,52443,13321,30.1
05/06/2017,17:25:43,460403,968049,609245,754872,392493,603979,741360,245641,52642,13397,460913,968573,609737,756265,391955,601731,741349,244710,52466,13335,460478,968029,609560,754980,391571,602405,741515,246516,52605,13373,30.1
05/06/2017,17:37:43,461480,969739,609403,754128,391797,602038,742193,242815,52500,13371,461306,969544,609115,753794,391567,601041,742105,241177,52249,13326,462501,969277,609733,754293,390881,600602,741230,241981,52391,13341,30.9
05/06/2017,17:40:43,462704,969479,610231,755860,392513,603747,741012,242953,52652,13399,461118,969230,609018,753395,391829,601055,741794,241554,52468,13344,461476,967921,608170,752295,390244,600522,740449,238617,52145,13301,31.0
05/06/2017,17:43:43,460381,965792,607116,751968,391134,601330,741279,240120,52322,13335,460698,967599,608076,751794,389724,599173,740660,239643,52122,13301,460405,967052,607963,752594,390010,600666,739146,239382,52135,13277,31.0
05/06/2017,17:46:43,461219,968296,608705,753219,390656,600277,740731,240519,52279,13326,461744,967912,608385,753030,391389,601262,740236,241626,52274,13339,459312,964919,606416,752134,390069,598743,739025,239776,52309,13287,30.9
05/06/2017,17:49:43,459775,967300,607301,752514,391229,598987,740735,241393,52380,13352,460868,967984,608598,750526,390855,600375,740624,241017,52250,13334,460719,967238,608483,753344,391351,599761,739868,241174,52300,13343,30.9
05/06/2017,17:52:43,459016,965806,605459,750095,388550,599297,738436,235632,51831,13237,458724,963659,605675,749302,388204,595734,736962,234280,51872,13256,458884,963769,605978,750448,389497,596753,738208,233705,51989,13249,30.9
05/06/2017,17:55:43,460983,967189,608454,754197,390985,601152,739744,236444,52037,13303,460656,966974,607975,752459,390192,597699,740103,236607,52070,13274,460344,966495,607787,752301,390234,599121,740368,238379,52131,13283,30.8
05/06/2017,17:58:43,460448,966966,607448,750197,388528,598498,739452,235876,51980,13268,459559,966653,607100,751151,390444,598642,740283,235910,52082,13289,461240,967785,607978,751616,389693,597428,739014,235542,52027,13261,30.8
05/06/2017,18:01:43,460762,965134,607049,750012,389312,598150,738452,234672,51965,13244,459563,966368,606017,748956,388411,595320,738982,233549,51690,13197,459469,966200,605146,747963,388872,595508,738905,233919,51817,13218,30.9
05/06/2017,18:04:43,458857,963315,604857,748100,388005,595352,737373,231447,51615,13162,458355,963099,602910,747307,387754,594038,735814,230743,51642,13166,458438,961917,605560,746522,387855,594934,737009,230835,51768,13211,31.0
05/06/2017,18:07:43,458071,961458,603606,746533,385883,594175,734807,226040,51568,13155,457204,961863,602986,744815,385396,591480,736646,226439,51368,13110,457817,960829,601982,744696,385749,592764,735526,226413,51439,13150,31.1
05/06/2017,18:10:43,458040,962855,603526,745058,385385,591783,735310,225656,51353,13088,456484,959966,602219,744557,386061,591964,735220,226522,51349,13085,458329,962111,604186,746917,386880,593890,735211,229604,51637,13162,31.3
05/06/2017,18:13:43,459291,965913,604919,747745,388085,594864,739526,231903,51852,13240,460142,966714,604353,745497,387194,593330,738794,231737,51702,13207,459257,965758,604948,747451,388234,594205,738635,232532,51833,13229,31.5
05/06/2017,18:16:43,459202,964958,604089,746969,387398,595192,737817,231226,51821,13234,459277,964800,603906,746427,387873,594183,738228,231575,51698,13222,458057,964256,601331,743669,386224,592861,737137,231363,51479,13157,31.6
05/06/2017,18:19:43,458137,962597,602002,741748,384429,591456,736193,229705,51273,13134,459024,962002,603568,745675,387279,594034,735566,231815,51732,13210,459362,963235,603242,746999,388298,596337,738083,233510,51842,13248,31.7
05/06/2017,18:22:43,460522,964453,603918,747275,389783,597745,739008,233238,51818,13271,459718,966586,605570,749362,389979,597630,738611,233873,51874,13273,459195,964635,603570,745762,387683,592800,737629,231528,51617,13180,31.6
05/06/2017,18:25:43,458843,962945,602334,744439,387888,595421,736057,228291,51628,13193,458171,962546,604188,745380,386595,591930,736164,228051,51512,13144,458450,963153,604460,745583,386635,592622,735989,228231,51631,13192,31.5
05/06/2017,18:37:43,458595,963612,603497,745397,387732,593907,738210,231692,51726,13219,459953,964675,602814,744886,387246,592504,737583,231311,51503,13145,458659,963506,601927,743797,387466,592715,736845,229176,51544,13146,32.1
05/06/2017,18:40:43,457662,961866,602480,743837,386909,593094,735315,226548,51357,13126,458649,962648,601355,744980,386088,591530,735283,224984,51411,13109,458752,961505,601452,743744,385424,589272,735888,225051,51231,13050,32.2
05/06/2017,18:43:43,457451,961872,601060,743466,385245,590305,736209,225868,51087,13063,459003,962222,601468,743302,385484,592055,737013,225920,51426,13110,459735,965254,601177,742274,385094,589761,738422,225439,51086,13009,32.3
05/06/2017,18:46:43,460848,965820,603454,746008,387102,594133,738524,228050,51582,13176,460226,965985,604047,745206,386758,593182,738490,227147,51529,13118,460571,966033,604044,746126,386831,592969,738827,226846,51522,13141,32.3
05/06/2017,18:49:43,461660,966650,604125,747349,388638,594440,740037,231535,51843,13160,460285,968636,603306,745643,387598,594414,739506,230377,51608,13167,461451,966603,604159,746228,387866,593927,738346,230204,51615,13190,32.3
05/06/2017,18:52:43,460176,965499,603888,746759,387238,592693,736414,228329,51506,13114,459128,963110,601754,743199,385819,590654,736938,227983,51339,13117,460852,965928,603817,745563,386985,593685,737644,229043,51435,13099,32.3
05/06/2017,18:55:43,461058,966630,603205,745035,386387,593072,738873,232274,51606,13157,461113,966621,604279,747329,388228,594873,739245,232881,51814,13172,461606,967144,603599,746255,389020,593243,739169,233439,51744,13210,32.4
05/06/2017,18:58:43,461872,967129,605722,748955,389035,595595,738971,233502,51761,13200,459730,967626,602578,745189,386525,591742,740424,232216,51587,13138,406207,964992,532717,656390,339045,522938,739295,208739,46199,11846,32.5
05/06/2017,19:01:43,462045,967766,603930,746908,388604,595499,741120,232582,51757,13207,460709,968116,605191,747958,388078,593752,739967,230676,51543,13143,461467,967640,604353,746647,387848,594429,740324,231660,51655,13171,32.7
05/06/2017,19:04:43,461199,968236,604524,746380,387519,594805,740104,231216,51587,13130,460764,966919,602431,744397,386599,591659,739766,230717,51409,13090,461472,966682,604257,746138,387237,593284,738067,231524,51621,13138,32.7
05/06/2017,19:07:43,461315,967545,604112,746691,386914,594196,739744,235514,51635,13134,461554,966693,604061,745523,387782,593839,739719,234865,51613,13146,460728,966448,603053,745724,387767,593812,739627,235084,51618,13122,32.9
05/06/2017,19:10:43,460042,965670,602029,744224,386415,591828,738552,230876,51446,13089,461686,966802,604394,746358,387531,592998,738893,232523,51593,13123,461151,967958,603619,745432,387703,592745,739291,232889,51529,13137,32.9
05/06/2017,19:13:43,461221,966715,602812,744271,386715,592943,739490,233819,51607,13101,461611,964948,603842,744325,386427,591765,737436,233395,51412,13095,461444,967013,603332,745547,387347,593843,739481,234851,51594,13124,32.9
05/06/2017,19:16:43,461089,966402,602553,743354,385833,591806,739073,233379,51406,13082,463194,966561,605248,746329,388482,595538,739381,233373,51715,13145,461446,966433,602854,743641,386430,592058,739547,232662,51448,13050,33.0
05/06/2017,19:19:43,461505,967006,603897,745590,386624,594337,738162,231956,51476,13058,460394,967040,602615,743643,384846,589737,738947,231766,51350,13017,462321,966406,605896,745256,387199,593111,740066,233447,51531,13087,32.9
05/06/2017,19:22:43,462017,967219,603885,747266,387125,594595,739394,236129,51600,13107,461432,965900,604322,743547,386926,591264,739183,236857,51442,13060,462745,966975,604884,747585,388375,594829,740357,239763,51629,13133,32.9
05/06/2017,19:25:43,461171,968176,602545,744883,386465,592945,740949,241740,51504,13079,461611,968835,603417,746657,387294,593463,740989,242963,51494,13081,462317,970150,604754,745718,387694,594081,742228,243592,51575,13119,32.9
05/06/2017,19:37:43,462413,968182,604482,746081,386562,594469,741049,240536,51383,13030,462716,970951,605066,747820,387040,593601,741420,239849,51355,12977,462761,969157,606096,747548,387515,593748,740978,239105,51387,12994,33.2
05/06/2017,19:40:43,461017,963798,603601,744638,386166,592788,738669,239958,51317,12984,463166,967728,605497,747760,387185,594918,739881,240119,51447,13013,462890,967678,604751,747173,386708,593839,740236,242305,51375,13011,33.2
05/06/2017,19:43:43,463461,969409,605972,748361,387604,594663,740932,242442,51384,12999,461228,969059,602831,744235,384370,590313,740371,240501,50999,12899,461725,967319,603390,744484,385422,591363,739973,240537,51095,12925,33.1
05/06/2017,19:46:43,462376,968006,604646,745624,385332,592756,740242,240529,51168,12904,463018,968237,604534,746395,386075,593035,740334,240064,51258,12925,462708,968020,604668,746273,385119,592095,739108,239710,51230,12924,33.1
05/06/2017,19:49:43,461567,965725,603889,747191,384920,592332,738946,234231,51002,12866,461584,965874,603789,744244,383427,589750,738062,232152,50683,12781,462179,966651,603554,744122,383745,590203,739531,233908,50810,12818,33.2
05/06/2017,19:52:43,462128,965735,603550,744787,384006,589669,738552,232730,50858,12828,461700,965846,602865,744296,384114,590933,737470,233231,50853,12836,461901,964699,603244,742617,382779,588789,738245,231662,50717,12775,33.2
05/06/2017,19:55:43,462239,965698,602774,744414,383646,590841,738824,233866,50766,12783,461864,965626,603511,744330,383975,590751,739094,234249,50856,12815,462352,966168,602973,744701,383882,590775,739285,235076,50850,12806,33.3
05/06/2017,19:58:43,461853,966250,603550,744693,384093,590990,738271,234668,50721,12762,461931,967783,603264,741983,382895,590333,738811,234972,50713,12769,462577,966209,604868,746449,383318,589302,737442,235226,50620,12770,33.5
05/06/2017,20:01:43,461787,966032,603735,744817,382945,590214,738465,234452,50592,12698,461678,966224,602815,743746,382910,588732,738120,234986,50617,12730,462759,966808,602830,744147,383921,591629,739371,236357,50743,12746,33.7
05/06/2017,20:04:43,461838,965738,604193,743763,382969,589859,736701,231812,50512,12700,461481,965363,602502,742401,382217,588022,738228,232197,50428,12668,462174,965983,604115,744500,383324,589768,737228,232420,50437,12682,33.6
05/06/2017,20:07:43,462625,966265,604121,744454,382748,590712,738136,236626,50651,12726,462533,966405,603698,744660,382461,590046,738965,237263,50545,12678,461495,965449,602900,744317,383034,588259,738190,236074,50373,12640,33.6
05/06/2017,20:10:43,462130,965606,602442,742746,381574,587818,737405,235103,50339,12613,460906,964372,601522,742483,381529,587066,736912,234977,50285,12596,461574,962162,601631,742510,381622,588251,736068,236378,50452,12615,33.6
05/06/2017,20:13:43,460875,962082,602577,744139,381881,589385,735728,234328,50512,12629,461091,962673,601801,742460,380719,587572,735641,233660,50262,12575,461047,962382,601604,740475,380318,586904,735770,233601,50208,12559,33.6
05/06/2017,20:16:43,461673,964000,602997,742879,380788,588858,736087,231876,50101,12523,461220,963549,602401,742213,380994,587205,736861,233455,50172,12502,461627,964225,602784,741468,380879,587462,736692,234395,50109,12502,33.3
05/06/2017,20:19:43,462919,967973,604457,745478,382132,589716,739548,239464,50370,12563,462868,967856,604825,745585,381679,589384,739485,239586,50180,12515,462183,968502,603861,743554,381163,587660,739742,239382,50162,12523,33.3
05/06/2017,20:22:43,463652,968560,604860,745255,380692,588838,740429,240273,50148,12491,463153,967366,605232,746157,382797,590026,740194,240112,50180,12495,462475,967751,603911,743992,380826,588620,739024,238568,49989,12449,33.3
05/06/2017,20:25:43,462157,967245,603227,741638,380149,588171,739099,244446,49957,12462,462246,967226,604100,744094,381339,588574,739689,247029,50101,12472,462958,967744,603519,743100,380757,587971,739707,247111,50003,12441,33.4
05/06/2017,20:37:43,462339,964465,602587,741028,376966,585012,737907,236179,49283,12185,462048,964416,602093,741135,376968,583617,735905,234531,49153,12152,459959,962785,600323,739591,376187,582462,735646,232521,49003,12104,33.9
05/06/2017,20:40:43,461806,963436,600556,739781,375828,581903,736266,230665,48991,12088,461000,962910,601468,739851,375120,581941,736186,229129,48795,12041,460907,962747,601729,740552,376827,582175,735771,230315,49029,12083,33.9
05/06/2017,20:43:43,461226,962322,601099,738787,374980,581676,735495,228845,48916,11996,462011,962442,601248,739510,374457,581468,735343,228573,48809,12018,461137,963449,600783,737871,374604,580792,735262,229456,48683,11992,33.9
05/06/2017,20:46:43,460376,963596,599773,736612,372857,580053,735061,228449,48561,11938,462287,964720,602869,740444,374791,581447,736562,229669,48783,11948,461622,963836,601655,738846,373790,580732,736001,229386,48530,11905,33.9
05/06/2017,20:49:42,458886,961489,599225,734895,371681,578598,733444,226466,48294,11832,460016,960756,599586,736740,372878,578426,733813,229665,48424,11878,462779,962451,600853,738898,373283,580363,735157,229186,48494,11873,33.9
05/06/2017,20:52:42,461118,963126,600038,736679,372750,580153,735003,233433,48497,11841,462285,963287,601996,739796,374021,581032,735953,232855,48441,11855,461772,962148,601356,740246,373184,580129,735901,231403,48299,11821,34.0
05/06/2017,20:55:42,459909,963161,600977,735501,371543,577921,736447,233047,48206,11758,461986,962303,601492,737680,371860,578397,734332,232805,48130,11753,459896,960400,598132,734771,370931,578116,734045,232026,48063,11747,34.0
05/06/2017,20:58:42,459006,960267,597322,734123,369760,576447,733346,228571,47840,11699,459269,959980,599888,735208,370802,577913,734930,228672,48065,11698,460098,961687,600239,739036,371631,579817,735317,230364,47990,11724,34.1
05/06/2017,21:01:42,462081,962879,600198,736442,369991,576650,735588,229164,47783,11623,461133,961686,599885,736180,370321,576987,734285,227889,47824,11627,460548,961461,599343,735612,369304,576012,734426,226747,47663,11599,34.2
05/06/2017,21:04:42,459394,957336,598563,735836,369408,576469,731305,222476,47595,11562,458509,958434,598080,733950,367906,575190,732269,223414,47462,11493,459573,958321,597762,731550,366668,573599,729583,222007,47046,11418,34.3
05/06/2017,21:07:42,460579,960438,600489,735458,368167,576152,733232,220354,47390,11463,460642,961396,600254,735972,366689,574654,733944,219687,47241,11416,461241,960453,600661,736032,367957,573838,734392,219876,47156,11404,34.2
05/06/2017,21:10:42,460321,959796,599098,733326,366792,573120,732858,215323,47088,11356,460409,958746,599971,734896,366912,573001,733045,219552,47081,11349,460931,960067,598819,735638,366841,574800,733756,222726,47165,11365,34.2
05/06/2017,21:13:42,460606,960799,599687,733091,365994,572957,734983,223253,46948,11304,460573,961579,600094,733741,366003,571991,734195,224764,46901,11301,461037,962052,600977,736663,367428,574519,734246,226796,47059,11330,34.2
05/06/2017,21:16:42,462015,962695,602528,737869,367424,576851,734946,225715,46982,11299,460898,961806,599835,735364,365797,572881,734595,224187,46721,11241,461792,962162,601130,737044,366398,575080,734259,225238,46885,11265,34.1
05/06/2017,21:19:42,461428,961678,600597,734865,364658,572162,733207,221491,46687,11172,461329,959770,601641,734498,365523,572279,733499,220578,46564,11156,460252,962169,599753,733060,364407,570858,734357,219271,46371,11110,34.0
05/06/2017,21:22:42,461343,962198,600970,734834,364612,572768,734334,218962,46530,11103,461534,962994,602119,737531,364863,571651,735336,218608,46364,11102,461179,962023,600261,733969,363956,570382,734213,216971,46234,11024,34.0
05/06/2017,21:25:42,460697,962484,599802,731308,362541,569220,734680,224519,46161,10989,461003,961607,601528,735363,364258,571262,734015,223324,46240,11012,459646,960952,599085,732652,362281,568279,733263,220942,46124,10992,34.1
05/06/2017,21:36:16,458863,958729,597790,726772,356844,563078,731623,206316,44874,10544,459391,958268,598152,729123,357353,563041,731384,207155,45007,10588,459105,957879,597454,729415,356200,562863,730815,205687,44836,10543,34.1
05/06/2017,21:46:58,457230,957091,595436,725713,353120,559370,729691,206631,44072,10236,457363,956956,594992,723454,351484,557821,730794,207225,43803,10192,457188,956482,597267,725311,351697,557511,730505,210193,43815,10200,34.0
05/06/2017,21:49:42,459100,957831,597558,727702,352949,559678,731397,211322,44070,10225,457749,958755,595487,724718,351770,556863,730804,212861,43789,10173,458108,957602,596868,727028,351978,558849,732234,213154,43780,10167,33.8
05/06/2017,21:52:42,457225,956069,595931,723875,349526,555245,729227,206183,43361,10033,457097,954963,596924,725011,350179,556189,728930,204737,43431,10030,457955,954683,595896,723938,348758,554134,728528,204785,43196,9989,33.7
05/06/2017,21:55:42,453545,954824,590612,717535,345341,549972,727716,202021,42773,9852,455126,953102,591799,719125,345423,550569,728141,199675,42849,9849,456603,953377,594677,722345,347288,551745,727794,200910,42924,9887,33.6
05/06/2017,21:58:42,454070,949789,591283,717310,343820,548280,723972,189030,42348,9693,453630,949326,591952,718697,343721,547615,724199,189347,42261,9673,453690,948625,592004,719197,343814,548227,724008,190283,42285,9669,33.5
05/06/2017,22:01:42,450780,944301,586764,712822,338361,542269,720075,180011,41615,9457,451395,944917,589330,714384,339566,543182,720491,180350,41677,9479,453017,945202,590483,716440,339843,543667,720813,178994,41606,9473,33.5
05/06/2017,22:04:42,451704,945653,588591,711735,339041,543387,721352,182935,41569,9439,451878,945445,588813,714918,339417,543448,719641,184346,41450,9458,450623,945047,586734,709422,337731,539539,720784,183015,41325,9367,33.5
05/06/2017,22:07:42,452815,949103,592296,715833,339630,545541,723385,194891,41657,9419,454118,949781,590968,717535,340662,545279,724347,197138,41747,9445,454614,948594,593051,717302,340797,546258,724403,195609,41569,9383,33.5
05/06/2017,22:10:42,453800,947356,591358,715206,339258,544330,723050,196030,41337,9310,453282,947913,589960,715232,338224,542308,723645,192690,41095,9258,453600,947871,590636,714931,338085,542021,724438,193294,41056,9243,33.5
05/06/2017,22:13:42,456846,950388,594468,718992,339934,545423,724673,192393,41162,9223,453841,950024,592520,715282,337115,542819,724409,190448,40974,9165,453741,949486,591246,714824,336991,541707,723634,189475,40812,9134,33.5
05/06/2017,22:16:42,454720,949098,591161,716690,336944,543556,724919,192470,40817,9125,454655,951088,592716,716573,337414,542243,725743,193317,40657,9077,453540,950999,591553,715855,335769,540982,725528,192923,40503,9037,33.5
05/06/2017,22:19:42,455204,948716,593153,715537,335430,540218,725511,189813,40350,8956,454462,950022,592619,716526,334254,539424,724652,190180,40140,8909,455239,949229,592266,713838,332546,538387,724880,189975,40119,8872,33.5
05/06/2017,22:22:42,454216,947977,590946,712864,332169,536810,723239,187563,39882,8788,454032,948542,591971,713508,332665,537146,723566,189019,39807,8793,452646,948477,589730,711670,332020,537623,723526,190184,39789,8767,33.5
05/06/2017,22:25:42,453062,948270,589614,710676,330213,534258,723723,190243,39450,8670,454208,949649,594005,717687,332199,536500,724509,192811,39614,8697,454119,949483,590471,712696,330248,534827,723765,190080,39278,8617,33.5
05/06/2017,22:36:13,451891,944141,588331,706519,322977,527526,720372,187564,38025,8195,450436,942822,586192,706111,322248,524966,720351,185869,37748,8136,450796,942940,587722,705760,322582,524801,718961,184273,37833,8136,33.4
05/06/2017,22:46:59,448139,939925,582935,698716,313253,516121,717440,172572,36207,7618,449584,939903,584572,701300,314465,518687,716851,172561,36268,7623,447788,939281,583980,698275,313254,514957,716482,172067,36080,7573,33.5
05/06/2017,22:57:39,447133,935748,581806,693482,305757,507433,714479,167949,34555,7081,446914,935973,582592,693738,304345,505879,714012,167625,34403,7053,446400,935738,581427,690978,303113,504378,713767,166795,34178,7000,33.6
05/06/2017,23:08:34,446133,934976,580012,688100,296301,497504,713007,166318,32693,6517,446341,936058,580424,687275,296141,497693,713184,165544,32618,6488,446470,935150,581311,689627,295957,496646,713597,165578,32559,6475,33.2
05/06/2017,23:19:07,443219,930825,576042,678610,284619,483171,709804,160448,30588,5895,444103,929933,577536,682060,285062,483465,708235,159929,30658,5896,442341,929562,575797,677539,283166,481861,708295,157727,30344,5827,33.1
05/06/2017,23:29:59,436810,920316,569150,665375,269151,464075,699497,137684,28009,5175,437474,918372,568969,666114,269154,464917,698321,137973,27911,5152,437138,918285,568396,663708,268173,463359,698542,137972,27785,5123,32.7
05/06/2017,23:33:17,436050,916116,566915,662420,265533,459885,698326,140525,27407,4990,437145,917594,568352,663495,265273,460668,698977,141728,27260,4961,437866,919088,568673,665317,266194,461979,699804,142852,27281,4966,32.5
05/06/2017,23:37:41,436142,916915,567088,658585,261200,454822,697460,138327,26473,4735,436072,917152,566963,659123,260433,454993,697171,137571,26357,4712,434657,917238,564771,658835,259170,453260,697150,136572,26192,4673,32.3
05/06/2017,23:40:41,435085,916428,565944,657038,256894,450861,697052,135862,25806,4561,435551,916063,565987,657034,256500,450347,696694,135634,25705,4525,435195,916092,565577,655522,255420,449019,696805,134476,25582,4493,32.2
05/06/2017,23:43:41,435066,915802,564402,654161,253042,446571,696695,131890,25150,4380,434920,915162,563935,654315,252185,445995,695768,131412,25069,4354,434070,913727,564353,653185,252174,445571,695729,130413,24937,4319,32.2
05/06/2017,23:45:39,433954,913711,565615,653724,250439,443183,694318,129681,24676,4263,434256,914457,563590,651196,249227,441511,694532,129596,24540,4221,434140,913064,563136,651993,249186,440937,694063,128903,24425,4198,32.3
05/06/2017,23:49:41,432085,909852,560434,646693,243721,435313,692150,123516,23631,3993,432248,908551,560582,645092,242849,433634,690929,122540,23487,3960,431262,908756,559817,644276,242167,432390,690664,121465,23331,3923,32.0
05/06/2017,23:52:41,429763,905831,558599,641886,239110,428965,688583,118937,22894,3802,429902,904789,558533,641631,238520,427861,687528,118444,22728,3767,429933,903892,556796,640593,236969,426292,687192,117965,22590,3738,31.9
05/06/2017,23:54:39,428010,903016,556192,637945,235452,424364,686754,116132,22323,3674,429230,902402,558384,639629,235979,425482,687305,115731,22293,3648,428559,901901,557689,639046,234638,423385,685517,114670,22127,3612,31.9
05/06/2017,23:58:41,425988,898753,553599,631423,228165,415998,683092,108238,21222,3406,425904,898603,552152,630583,227757,414626,682258,107322,21086,3379,424722,896961,551771,630630,227103,413925,681944,106852,21050,3351,31.8
