15/07/2017,00:02:36,515110,871354,668300,768007,265641,494116,655336,88519,24837,3913,514200,869527,667688,767121,264390,492308,655060,87988,24691,3877,513943,869225,667331,766510,263789,491912,654986,87765,24554,3848,31.9
15/07/2017,00:05:36,510129,864161,661999,757411,256990,481714,649665,83912,23607,3641,509161,862171,660001,755924,255747,480612,648927,83473,23459,3608,508027,860120,659268,753764,254139,477314,646940,82746,23263,3566,31.8
15/07/2017,00:07:36,506859,858556,656917,749740,251376,473474,645101,81646,22844,3475,505152,855794,655321,747470,249639,471809,644443,80338,22620,3429,504669,855200,654530,746423,248308,469819,643451,79486,22448,3389,31.8
15/07/2017,00:18:13,496770,844551,644557,724996,227069,441566,634585,70907,19405,2730,497911,846572,646612,726984,227665,442992,636441,71333,19393,2718,497986,846128,646392,726501,226880,442346,636304,71009,19272,2688,31.3
15/07/2017,00:29:06,488905,835354,631914,694868,198076,401566,625118,60352,15536,1969,488478,834793,631938,694107,197074,400152,624219,59642,15379,1938,487975,833678,631198,692858,196093,399010,623932,59190,15253,1913,30.9
15/07/2017,00:31:04,486814,832023,629577,690207,193626,395628,622304,58181,14903,1847,485959,830532,628165,687990,192027,393189,620702,57734,14737,1819,484630,828456,626668,685396,190520,390533,619874,57246,14576,1790,30.9
15/07/2017,00:33:02,483919,827635,625557,683539,188586,388190,619336,56527,14298,1736,483690,826911,625569,682461,187410,386487,618240,55961,14137,1707,482652,824596,624325,680648,186278,384967,617680,55440,13985,1681,30.8
15/07/2017,00:34:59,480656,821974,621323,676452,183340,380660,614747,54375,13661,1623,480946,822294,622043,676254,182347,378996,615301,54143,13486,1591,479918,820924,620149,673031,180196,375797,613556,53428,13268,1558,30.8
15/07/2017,00:36:57,476691,816528,615641,666124,176029,369347,609711,51444,12824,1488,476006,815125,614204,663923,174694,367025,608598,51079,12675,1461,475922,814950,614559,664554,174117,366773,608345,50669,12578,1440,30.7
15/07/2017,00:47:50,227295,358127,289025,308214,73710,158302,255958,18237,4544,454,183895,286418,242646,263249,63758,138673,224404,16093,4063,405,187777,295786,258744,285439,69283,154660,259808,18575,4570,452,30.3
15/07/2017,00:50:36,129036,192073,165203,175635,40559,87321,139119,9008,2199,200,66884,92747,91160,101444,24422,54572,85819,5791,1568,149,66575,92483,92527,104510,25714,56955,86591,5835,1630,154,30.1
15/07/2017,00:53:14,46059,61928,61943,68084,15931,34955,53706,3519,895,79,30118,40783,38985,41821,9581,20715,31718,2029,507,44,16163,22634,20063,20896,4600,9779,15393,964,219,18,30.0
15/07/2017,00:56:36,10960,18101,16650,19163,4476,10825,20167,1231,313,27,27980,48135,42990,48917,10990,28020,56990,3623,852,76,90995,156127,138304,155822,34537,86612,173526,10872,2455,217,29.7
15/07/2017,00:59:33,397473,683746,514588,524749,102697,248497,522455,29949,5654,456,427299,740947,553258,562036,108574,264024,563840,31824,5897,468,447921,777261,573205,577340,109577,266728,574301,31546,5803,454,29.5
15/07/2017,01:02:36,443373,771070,566473,564603,102330,254267,568979,29230,5209,388,442892,770387,565481,562318,100964,251783,567776,28752,5087,375,441781,769101,564107,559385,99314,249130,567168,28252,4957,360,29.5
15/07/2017,01:04:49,440853,768270,562277,554273,95770,243113,565873,27381,4660,328,440094,766854,561112,552167,94447,240957,564922,27032,4554,318,439969,766658,560561,550713,93271,239038,564566,26714,4454,308,29.5
15/07/2017,01:08:36,434204,757313,552265,535977,85680,225573,557028,25099,3850,247,433006,755836,550548,532872,84033,222574,555794,24612,3738,236,433799,757191,551094,532509,83048,221155,556621,24216,3645,225,29.4
15/07/2017,01:10:39,430756,752764,547071,525480,79736,214998,553110,23168,3411,203,430682,752592,546253,523596,78518,212825,552811,22872,3320,195,430488,752172,546452,523149,77829,211977,553460,22727,3261,190,29.5
15/07/2017,01:13:08,424452,742058,537127,508331,72044,199977,542425,20920,2878,159,420735,736702,532701,502820,70237,196493,539939,20504,2773,149,420883,737720,532824,501484,69192,194683,541118,20234,2698,143,29.5
15/07/2017,11:52:48,2,3,5,4,1,5,3,0,0,0,3,3,4,6,2,4,4,0,0,0,3,4,6,6,3,6,5,0,0,0,20.8
15/07/2017,11:56:39,1087,1347,1397,1405,246,646,1313,45,10,0,1558,3415,2259,2483,502,1260,2402,69,25,0,12616,25235,20100,19191,2634,7473,20841,562,104,5,20.9
15/07/2017,11:59:43,782,745,1301,1723,393,949,1062,33,18,0,21139,42273,36580,38687,5889,17975,55356,1857,365,23,88556,171418,140010,142445,20801,62485,197027,6519,1181,77,21.0
15/07/2017,12:01:40,377573,701604,493329,455390,62035,173994,523966,16330,2762,176,418332,777563,537706,491999,66585,185206,553375,17308,2928,187,422068,783918,540895,496465,68091,187630,553176,17347,2979,193,21.1
15/07/2017,12:05:43,139268,256281,183845,174768,26618,73401,204317,7543,1528,115,256770,484265,354745,344476,53266,141920,381000,13539,2601,187,305355,558853,403026,383758,59491,158664,424646,15682,3040,223,21.2
15/07/2017,12:07:40,427362,785838,552788,522794,81106,212198,562985,20658,3995,296,432597,795705,558204,530155,83485,217194,569853,21028,4152,307,434382,799114,560479,531841,84266,218948,571183,21287,4226,319,21.5
15/07/2017,12:11:43,333456,598445,442766,435281,75486,189807,454548,18154,4073,331,370264,672453,492528,483055,84306,212252,514083,20865,4638,383,425878,778768,559433,546165,95165,237792,573867,23414,5148,426,21.6
15/07/2017,12:13:40,442401,804945,573505,560576,99052,245370,579166,24111,5390,451,440182,800790,572586,561129,100101,246839,579307,24494,5495,464,444552,808739,577679,564815,101420,248609,583604,25122,5590,480,21.9
15/07/2017,12:17:43,208638,348804,266368,264103,49883,117725,246463,11142,2779,248,176170,296701,233543,235979,45441,107606,223657,10162,2558,228,166073,289940,234853,245774,49189,124541,280470,13858,3614,348,22.0
15/07/2017,12:20:22,353352,627932,465141,467353,91792,215942,458469,21421,5306,490,264220,461894,339152,341540,67471,165464,371775,18446,4742,468,362367,649725,473534,472995,92902,219500,475390,22645,5639,537,22.2
15/07/2017,12:23:43,447119,807932,587381,594133,122024,283369,594294,29545,7652,758,456966,825628,596068,600982,123429,285385,598074,29916,7714,767,454442,821594,592694,596546,122840,283941,595727,30384,7759,779,22.4
15/07/2017,12:26:43,447187,797819,583242,596453,128075,289267,574360,30940,8180,844,432218,774860,568731,584279,126354,287871,579848,31837,8403,882,461551,831322,603487,616172,133023,301188,606577,33580,8715,912,22.6
15/07/2017,12:29:43,474749,846402,622321,644703,146467,325191,618687,35811,9928,1077,470699,839784,617163,641395,146700,324715,614859,35982,9929,1081,469938,840560,616492,638767,145434,320585,613480,36264,9871,1082,22.8
15/07/2017,12:31:40,467408,833989,611210,634490,146076,322913,611420,36864,10251,1147,468503,832370,612887,637239,148287,326666,610523,36948,10350,1151,446076,792560,586390,609120,141952,305089,550922,32694,9041,1000,23.1
15/07/2017,12:43:51,46822,83520,73492,89536,28652,63938,100993,7552,2839,353,88309,174618,161701,201027,61258,130549,208950,15324,5511,738,183774,318556,248900,271932,74763,150311,233180,16562,5739,748,23.4
15/07/2017,12:45:47,210227,388488,325950,381205,112390,240729,399254,30499,10381,1378,308868,503316,381882,398098,104607,196657,284618,18821,5749,659,60212,88214,76909,89276,27530,55422,78217,5676,2240,300,23.4
15/07/2017,12:47:44,53410,86598,74224,86121,26893,52141,69836,5270,2162,287,11933,16719,13370,15204,5611,9501,7964,606,481,72,8030,13176,12447,15781,6057,10805,9888,789,523,74,23.5
15/07/2017,12:50:43,12699,22715,22405,28694,10641,20978,25602,2269,1118,166,29616,45340,35604,37889,11716,19853,20167,1400,660,87,4914,6494,7396,10080,4241,8145,8247,718,449,70,23.4
15/07/2017,12:52:58,19291,28258,25552,31000,10848,19641,21334,1762,908,133,13600,21447,19698,23724,8418,14947,15216,1186,632,89,6141,8171,8581,10522,3948,6773,6029,539,330,47,23.4
15/07/2017,12:56:43,30490,44500,39684,45380,15269,29261,37305,3541,1678,276,47159,79783,72673,84149,26791,46854,54131,4337,1748,255,47038,79638,70695,85419,29908,57650,73769,6866,2926,421,23.3
15/07/2017,12:58:44,39535,63774,58112,71892,26771,51397,64200,5820,2504,381,50554,88158,86500,112511,40907,80824,106419,9999,4022,607,137731,239290,202063,242149,80418,163988,240483,22785,8286,1219,23.4
15/07/2017,13:08:57,424588,728220,573336,652974,214792,411507,578193,62335,20511,3223,470600,818398,631839,716692,234173,447692,636424,68894,22109,3482,501294,873870,666350,752176,245989,466458,655869,71939,22840,3594,24.1
15/07/2017,13:19:25,523729,908548,693710,791771,273986,508069,679543,85527,26742,4459,525020,909967,696919,800975,280120,516274,682057,86242,27450,4574,526131,911095,699125,802303,282858,518570,683486,86682,27604,4622,25.2
15/07/2017,13:21:22,526231,911374,697977,803526,282731,519243,683161,87182,27799,4680,526714,912106,698392,803702,284387,521224,684564,88142,28105,4744,527409,912455,699279,806536,286252,524018,684347,88756,28234,4776,25.4
15/07/2017,13:23:43,528073,913089,700122,806725,287466,524420,684372,88828,28475,4853,528878,913841,701261,807797,289470,527316,686137,89490,28824,4914,528761,913804,701056,810131,290336,528931,684691,89953,28940,4952,25.6
15/07/2017,13:26:43,530906,914852,703708,815118,295402,534959,687244,91580,29633,5125,530960,915680,703709,815675,295804,536253,687332,92396,29761,5162,531333,916749,704055,815935,296121,536223,688121,92682,29881,5193,25.8
15/07/2017,13:28:41,532794,916946,705615,818257,299597,540922,689382,94317,30418,5316,532358,917199,706532,820721,300709,542698,689280,94613,30513,5339,532400,917003,706146,818956,300582,541999,689606,94601,30628,5377,25.9
15/07/2017,13:32:43,535600,920856,711441,829492,311445,555668,691691,98745,31978,5686,537624,922972,711338,830788,311372,555780,694019,99247,32122,5732,536146,922159,710537,830585,311850,556920,693689,100152,32374,5792,26.0
15/07/2017,13:35:43,537671,923628,713707,835287,316868,563402,695557,101856,32898,5939,537387,922858,712707,834618,316577,563183,695462,102735,33030,5978,537522,923328,712848,834203,316060,561800,694925,102883,33117,6003,26.2
15/07/2017,13:38:43,539106,923871,714764,837819,321332,568974,696793,105343,33861,6181,539228,924311,714928,839406,322562,569909,696494,106362,33846,6197,539004,924759,714099,839500,322778,570780,696332,106820,34076,6241,26.3
15/07/2017,13:41:29,539887,925139,716115,844705,327121,575382,697923,107611,34711,6416,539945,925456,715669,842737,326740,575783,698299,107628,34828,6456,540764,925932,716471,843242,327803,576424,698072,107777,34813,6449,26.5
15/07/2017,13:44:43,539748,924240,716460,843931,329885,579001,697421,108404,35327,6588,539170,923463,713644,842133,329685,577126,695780,108544,35215,6596,538490,921271,714172,841196,329985,578618,694871,108664,35557,6661,26.6
15/07/2017,13:47:43,536931,919270,713252,842578,331959,581157,696626,108650,35778,6746,536572,920077,713000,841981,330845,577740,694034,108911,35858,6794,538188,922599,713930,843114,332525,580736,695935,109497,36014,6811,26.8
15/07/2017,13:50:43,536347,919420,711739,842364,332693,579414,693124,109860,35981,6839,537457,920082,712138,841905,334114,581819,690742,109781,36325,6919,530278,903797,702080,829240,330005,573280,677595,107951,35817,6856,26.9
15/07/2017,13:53:43,445772,754909,601564,717532,288247,500084,585285,92067,30950,5878,421028,704950,555326,658510,265332,461931,538513,85875,29377,5640,403807,689124,565242,684817,280581,486611,563106,89892,30846,5943,27.1
15/07/2017,13:56:43,421170,708467,574664,699013,290539,508778,593031,98141,33753,6625,478019,805417,645701,776553,318648,550242,637196,103818,35358,6862,497126,841692,664622,793048,323466,556218,643211,105512,35978,7034,27.2
15/07/2017,13:58:41,534460,910007,708631,843572,343497,591141,688475,112724,38157,7447,520778,878178,685133,809113,326374,554709,631206,101536,34133,6593,403751,655252,527693,631804,261347,452855,519303,87433,31182,6287,27.3
15/07/2017,14:08:53,539590,919576,713852,853714,355899,606193,692310,120620,40296,8079,528690,899234,701803,841230,350889,597571,683468,119366,40073,8067,531069,900066,703189,842051,350959,598524,685192,120475,40098,8055,27.8
15/07/2017,14:20:44,545613,927644,721632,867544,369099,624195,702329,128413,42858,8853,546142,928296,721985,866742,368540,618587,692730,125411,41334,8453,523748,882330,682248,810254,342613,574863,643272,119106,40168,8313,28.5
15/07/2017,14:23:44,545993,929077,720645,864642,367563,620282,700472,126799,42670,8844,537991,909237,704356,840327,355159,593410,662272,119046,39790,8222,453616,762559,609188,747707,326294,555876,632848,116909,39393,8193,28.5
15/07/2017,14:26:44,512012,869439,679921,819408,347815,585818,661981,118413,40114,8393,515032,878758,685889,823503,349957,590527,670345,119066,40259,8318,525261,899452,697724,836859,352472,596749,684289,121797,41144,8566,28.6
15/07/2017,14:29:44,482962,823119,649122,788673,339589,577485,657919,118663,40011,8399,516433,881322,680825,810933,340845,575929,662906,119409,40033,8414,530961,910886,701334,837018,351886,594894,685503,123370,41491,8696,28.7
15/07/2017,14:31:51,535549,918955,706336,843535,357793,604428,691543,124039,41804,8778,535481,917237,704146,837603,348754,589235,687029,122235,40534,8481,524873,900469,688381,817431,343031,576890,675100,119668,38910,8070,28.7
15/07/2017,14:42:01,535146,925814,702150,832840,349299,588698,689381,126497,41134,8801,531749,926106,698327,819007,339601,570176,683454,124949,40092,8504,521246,917203,681853,798918,324054,518918,643479,117110,36650,7929,28.6
15/07/2017,14:52:42,527550,909597,694689,825686,349029,567869,666491,128228,41365,9048,532061,918626,695967,830894,356965,597430,684061,131951,42717,9365,536678,923022,708704,848068,370757,610017,678277,132060,44084,9735,28.6
15/07/2017,15:02:59,536924,932211,706112,835783,357917,585698,675879,130326,41257,9197,530697,929640,702408,842148,366975,608378,695565,136039,44770,9812,545040,936625,718411,863360,379233,623621,699582,137211,45068,9978,28.7
15/07/2017,15:13:25,549918,925907,709395,847248,380721,616636,650858,135636,46421,10622,540207,920529,716413,868548,395750,644780,684341,143169,47894,10743,416394,663334,514846,612622,281482,465228,501594,109489,39234,9117,29.2
15/07/2017,15:15:24,554440,943711,733805,896434,410209,668628,713220,149913,51293,11612,556123,945207,735051,896912,411017,668651,713993,149308,51208,11613,555506,944878,734433,894823,410654,667153,713641,149585,51284,11665,29.4
15/07/2017,15:17:44,556035,945179,734828,896154,411084,668684,713758,149557,51536,11728,555853,945194,734921,896386,412424,670571,713765,150370,51798,11796,556925,946239,736526,900969,416441,675563,715721,152384,52363,11955,29.4
15/07/2017,15:20:44,558865,947730,738988,905144,420853,682051,716546,156790,53165,12181,558772,947774,739648,906664,422986,684097,717238,158477,53330,12217,558339,946513,738628,904921,421561,681756,716733,157736,53231,12213,29.4
15/07/2017,15:23:44,557832,947477,737596,903814,420551,681727,717320,157721,53408,12279,559463,948914,739520,905651,422063,682390,717547,158608,53414,12299,559717,948945,740123,906994,423244,683960,718114,159516,53638,12341,29.4
15/07/2017,15:26:44,557196,948010,736860,904828,422918,686123,719398,160658,53973,12478,560176,950172,739536,905668,422618,681926,716156,160378,53187,12230,558832,948293,736681,903276,420681,679094,716100,159961,53128,12216,29.5
15/07/2017,15:29:44,560216,950104,739405,907753,424366,685155,718375,161156,53942,12517,562886,951470,743786,914497,432865,696455,719003,166138,55268,12827,558790,944089,741314,915405,434369,697083,721836,167726,55582,12914,29.7
15/07/2017,15:32:44,562157,951494,742808,913219,430886,692594,720231,163460,54950,12778,562442,951488,743267,914348,432407,694726,720444,165157,55222,12855,562427,951279,743442,916361,433894,696694,721896,166772,55657,12987,29.9
15/07/2017,15:42:59,566122,954803,746501,920472,440399,704457,722992,169386,56669,13333,565314,954727,746207,920791,441598,705992,723326,169484,56830,13375,565163,954451,746422,921754,441572,706678,723485,170171,57057,13462,30.9
15/07/2017,15:53:29,569183,957622,750572,931707,453217,720909,726540,178997,58991,14038,568994,957788,750401,930798,453259,719926,726790,178465,59056,14070,569452,958452,751310,930565,453830,720432,727373,178736,59290,14131,31.2
15/07/2017,15:56:44,568938,957970,750746,931336,453750,720528,727041,178941,59156,14097,569177,957853,750443,929534,452339,718069,726293,177539,58949,14054,569252,957080,749653,928789,452237,718556,726437,177146,58996,14090,31.2
15/07/2017,15:59:44,569242,957816,751794,933169,456069,723952,727593,180220,59858,14344,570793,959246,753044,936089,459756,727161,728928,180990,60167,14415,570524,960377,751282,935256,458422,725118,728216,180334,59924,14350,31.1
15/07/2017,16:02:44,569935,959704,752752,933800,457221,724877,727710,179192,59811,14359,570482,959984,750351,932779,457968,725091,728192,180022,59964,14383,570722,959805,752367,933848,457314,723763,727830,180816,60021,14397,31.2
15/07/2017,16:05:44,570322,958809,751945,935209,456854,724363,728321,180644,59999,14422,570226,959462,751104,933598,457953,724361,727669,182055,60176,14465,570507,959230,751923,934868,459077,725717,728131,182156,60217,14458,31.3
15/07/2017,16:08:44,571526,959929,753497,937042,461961,729897,728808,182423,60794,14639,571463,959873,753408,936753,461209,728294,728904,182488,60636,14608,571224,959877,752429,936179,460882,727931,728145,182022,60640,14626,31.5
15/07/2017,16:11:44,569954,958815,750365,931604,456658,722996,726719,178060,59891,14415,569580,958651,749982,931818,457116,722305,727122,178378,60171,14514,570451,958634,751304,933176,457955,723929,727099,178688,60223,14513,31.7
15/07/2017,16:14:44,571000,959729,750477,933400,458150,723809,726924,181055,60200,14517,570746,960259,750408,932007,457450,723315,728544,180730,60110,14515,570788,958749,751134,933317,459210,725594,726546,181357,60529,14631,32.0
15/07/2017,16:17:44,571056,960731,751274,934029,459764,726477,727782,181826,60605,14630,571382,960117,751486,934158,460413,726956,727563,181843,60787,14725,571763,960390,751686,934656,460918,727344,728069,181307,60841,14735,32.1
15/07/2017,16:20:45,572260,961115,753558,936608,462408,729699,728931,182805,61102,14823,572535,960712,752284,935522,462230,727842,728535,182199,60968,14775,571535,960654,750961,933176,459322,725330,727480,180435,60612,14705,32.2
15/07/2017,16:23:45,571563,960183,750446,932707,459044,726032,727325,180182,60740,14737,572145,960075,751095,933467,459701,726208,727992,180245,60924,14812,572422,960152,752056,935777,461681,727117,728024,181290,61042,14832,32.4
15/07/2017,16:26:45,572420,961690,752330,936903,464633,732122,729265,184063,61617,14998,572397,961654,752527,935144,461953,727964,727550,182606,61131,14877,572500,961034,751358,934708,462343,728690,728473,182430,61177,14892,32.6
15/07/2017,16:29:45,572100,959613,752226,935422,461336,727553,727181,180793,61061,14829,571969,960979,751294,934415,460245,726445,727801,180564,61012,14878,572854,960986,751564,935272,462194,727837,727600,181130,61199,14913,32.6
15/07/2017,16:32:45,571601,959446,750608,932843,459535,725317,727266,177953,60914,14853,572332,960651,750796,933812,461452,727334,727464,178439,61033,14882,572310,960250,751286,933543,460342,725632,727136,177891,60916,14853,32.8
15/07/2017,16:44:45,572542,959738,749921,934441,463377,729844,727254,178384,61738,15152,572991,960227,750827,934545,463431,727735,727172,177706,61657,15151,573464,960643,751483,936348,466124,732257,728608,179606,62181,15264,33.6
15/07/2017,16:47:45,574222,960339,750656,934582,464288,730814,727813,179574,62144,15271,573281,960744,751305,936910,466419,732336,728138,180350,62338,15325,574080,961011,752333,937837,467177,732468,728829,180256,62356,15334,33.5
15/07/2017,16:50:45,573687,962346,752274,936288,465696,732034,728063,179368,62267,15318,573284,961011,751391,934714,465540,730425,726810,178165,61882,15217,572939,961630,751126,935389,464508,729510,727266,178149,61789,15224,33.6
15/07/2017,16:53:45,572227,960645,749079,931489,461036,725573,726669,176946,61390,15076,571965,960694,750766,930293,461787,726335,726470,176732,61595,15130,573121,959844,749792,933057,463542,728025,726495,177362,61803,15204,33.8
15/07/2017,16:56:45,572867,961685,749490,933271,463258,728396,727333,178538,61956,15222,573533,960855,749312,932814,463151,727185,726274,177521,61724,15185,573427,962020,750332,933071,464447,727641,726235,177564,61797,15214,33.9
15/07/2017,16:59:45,574185,961569,751166,934819,465279,732133,727789,179888,62192,15337,574359,963271,751890,934969,465965,731244,728585,180602,62345,15396,574722,961487,750973,934177,466126,730647,729306,179552,62156,15364,34.2
15/07/2017,17:02:45,575795,961769,751771,936169,467306,734151,727877,180757,62476,15407,575420,961970,752074,937245,467178,733491,727987,180747,62348,15377,574311,961811,750607,934053,465072,730094,727706,179605,62153,15320,34.5
15/07/2017,17:05:45,575283,961371,751212,935764,466546,732465,727530,180128,62405,15431,574950,962982,751085,935940,466982,731432,728439,179663,62377,15427,575498,962694,751811,934717,466304,731692,727181,179834,62441,15424,34.8
15/07/2017,17:08:45,576179,964957,752648,939188,471064,738601,729359,184700,63194,15669,576104,963318,753316,939645,470381,735920,729201,183596,63024,15617,576275,963962,753095,938400,469866,734574,729657,183484,62918,15564,35.0
15/07/2017,17:11:45,576545,963330,753362,938568,470161,736898,729691,185648,63045,15613,577308,964505,753371,941132,472449,739740,730218,189378,63569,15774,577889,964321,753875,941516,473241,740036,729396,189393,63599,15774,35.1
15/07/2017,17:14:45,576794,964910,753228,940811,472789,740675,730175,190187,63594,15804,577172,964008,752930,939394,471892,737592,729551,187495,63278,15725,577042,961777,752135,939866,471203,735636,729350,186510,63127,15670,35.1
15/07/2017,17:17:45,575869,961986,751088,935734,466669,733617,726372,181771,62503,15490,575420,961518,750516,936600,468006,732645,728473,183147,62862,15593,577864,963114,753544,940120,472533,739687,730060,188952,63999,15933,35.4
15/07/2017,17:20:45,578448,964547,754604,944189,475193,741653,729842,191208,64100,15953,578102,964653,754050,942689,475629,742383,730430,191704,63890,15906,578393,964961,753421,941589,473913,740138,730416,189861,63887,15896,35.6
15/07/2017,17:23:45,577671,963308,753066,941354,473517,741386,729788,190903,63910,15954,579088,964768,754280,943600,476530,743989,730992,192859,64195,15982,578890,964082,753821,942104,476054,742747,731047,192218,64198,15943,35.7
15/07/2017,17:26:45,579100,964458,754056,944822,477917,746080,730938,191314,64444,16058,579282,965583,753861,943071,476222,743349,731157,191919,64240,16043,579184,964215,753742,942452,476048,743061,731005,191877,64218,16013,35.7
15/07/2017,17:29:45,578116,964482,752334,940630,474853,742442,730079,188654,64075,15996,578261,963540,754088,942562,475750,742924,730776,190272,64442,16086,579288,965333,755036,944454,478600,746806,731292,192435,64734,16165,35.7
15/07/2017,17:32:45,574277,959220,745385,937277,472722,740576,729091,189788,63899,15984,578772,964163,755364,945220,478975,745938,731298,191990,64734,16181,579181,964854,754796,944697,478308,745482,731257,191507,64665,16188,35.6
15/07/2017,17:44:45,580250,965272,756203,947127,481312,750017,731713,194908,65226,16362,580176,965557,755973,946734,481690,748459,731991,193495,65144,16320,579450,963794,754374,945120,479495,746256,730716,191014,64780,16236,35.9
15/07/2017,17:47:45,579415,962791,756563,945462,481193,749658,730609,191083,65428,16432,580652,964145,756116,946442,482688,750717,731622,191933,65510,16434,580192,965075,756147,947127,481600,749537,732746,192202,65345,16430,35.9
15/07/2017,17:50:45,579980,965100,755441,947479,482409,749881,731689,191963,65555,16430,580503,966514,755329,946170,482383,750144,731913,191926,65571,16487,580076,965568,754020,946107,481387,748607,730890,190365,65195,16363,36.0
15/07/2017,17:53:45,580302,965223,755499,947221,482577,751409,731920,192276,65581,16477,580173,966859,754552,946813,482496,749368,731394,191841,65415,16407,579985,964724,754263,944010,480236,746558,729809,189771,65138,16351,36.1
15/07/2017,17:56:45,579399,963012,754311,946305,482375,750383,731352,190022,65427,16443,579363,963881,754565,945507,481257,748808,730623,189332,65334,16391,579374,964440,754231,945130,481035,748452,730772,189720,65215,16415,36.0
15/07/2017,17:59:45,579720,964495,755195,947088,482420,750428,731738,191456,65601,16496,580291,965386,755511,946990,482464,750475,730577,191660,65527,16497,580227,963573,755529,947690,483166,751027,731774,191917,65667,16535,36.0
15/07/2017,18:02:45,580087,965145,755366,947090,482669,750800,731784,191454,65574,16494,579894,965429,754751,946002,481648,748360,731458,189795,65357,16422,579237,964339,754538,945538,481238,748430,731377,190790,65540,16492,36.0
15/07/2017,18:05:45,578885,964912,755241,948471,482560,751935,731484,191121,65812,16609,581157,966028,756993,950370,486874,755337,733159,194617,66208,16697,580077,966461,757561,948257,484735,754623,732703,193004,65923,16590,35.9
15/07/2017,18:08:45,578803,964613,754782,945050,480862,748500,730147,189007,65255,16392,578748,965310,753194,944937,480819,747279,730451,188727,65241,16378,578353,964051,753880,943619,478977,745693,729811,186012,64862,16280,35.9
15/07/2017,18:11:45,579822,965417,754886,946411,482909,749441,731017,189829,65639,16540,579429,964700,754416,945639,481511,747303,730166,187938,65155,16365,577818,963853,752283,941584,477286,742585,729775,186295,64839,16338,36.0
15/07/2017,18:14:45,579004,964378,752946,944143,480277,746863,730456,187751,65152,16416,580599,964896,755424,948293,484892,752907,731941,193876,66119,16670,580692,966470,756333,949874,487363,755609,732803,197138,66392,16733,36.0
15/07/2017,18:17:45,579509,964256,755382,948608,485492,753542,731819,191855,66090,16631,579864,965276,756411,948663,485643,753486,732067,191446,66192,16687,580048,964318,755333,948900,485022,752839,731842,189221,65784,16582,36.0
15/07/2017,18:20:45,580089,965523,755062,947724,486041,755393,731169,190165,65865,16587,580252,964454,755195,949590,486445,753352,732401,192056,66331,16734,582287,968877,757147,953882,488199,758202,734159,196310,66750,16857,36.2
15/07/2017,18:23:45,581099,965970,756926,951043,487221,756356,732964,193282,66180,16712,581727,966472,756152,949373,484717,751983,732019,190839,65785,16570,579891,965228,754307,944373,480085,748174,729322,187323,65417,16436,36.5
15/07/2017,18:26:45,582820,967184,758380,953507,491240,761200,734109,198128,66942,16893,583255,966825,758406,952421,489708,759021,733519,194913,66588,16792,581681,966535,756930,951492,488339,756196,732911,192982,66534,16800,36.7
15/07/2017,18:29:45,582534,966642,756829,950643,487719,757079,733063,193008,66527,16784,582434,967325,757029,951123,488162,756698,733522,192707,66471,16778,582488,966597,757919,952204,488987,757508,733450,193980,66687,16849,36.8
15/07/2017,18:32:45,582710,966955,757964,952149,488927,759086,733481,194448,66734,16845,582821,967060,757772,952566,489690,757964,733568,194811,66793,16847,582649,966791,757415,952591,489436,758336,733388,193620,66658,16820,36.7
15/07/2017,18:44:45,582887,966413,757487,952585,489070,758583,733175,195054,66673,16826,582940,966699,757721,952604,489320,757494,733248,194589,66524,16790,582590,966332,756706,950078,487173,755194,732702,193568,66359,16747,37.2
15/07/2017,18:47:45,582190,966162,754560,950015,486797,755698,732278,193323,66398,16729,582815,964928,757833,953120,489424,757711,733556,195309,66585,16819,582943,967322,756841,953322,489305,757968,733051,194783,66546,16771,37.3
15/07/2017,18:50:45,583672,967473,758771,954416,491989,762336,735076,200061,67246,16957,584691,967586,758047,951569,490581,759751,733761,198399,66943,16885,583799,966754,757917,952557,489732,758354,733490,195869,66673,16820,37.4
15/07/2017,18:53:45,581583,965059,755245,946826,483038,751201,730541,189023,65617,16509,581130,964496,753316,944995,481804,748389,730098,187822,65345,16448,580783,964695,754006,945662,482692,750350,730712,189287,65792,16584,37.5
15/07/2017,18:56:45,583042,966378,757640,954423,489934,761518,732367,197590,66935,16874,583300,967227,757260,953685,490526,760742,733212,197930,66919,16848,584088,967683,757670,953684,489750,759137,732323,195685,66522,16759,37.4
15/07/2017,18:59:45,581680,965903,756128,948647,485641,754575,730295,190981,66218,16650,582308,965308,757016,950018,487990,756064,731817,192363,66297,16662,582326,965348,755027,948400,485385,753716,731378,190393,66071,16631,37.6
15/07/2017,19:02:45,580292,962749,752284,942649,479435,746000,728932,182504,64924,16305,579937,962538,751907,941479,478340,744993,728311,182396,64888,16265,579964,962898,751651,941199,478097,745034,728830,184213,65374,16491,37.7
15/07/2017,19:05:45,580039,962893,752462,941185,478578,745418,728755,182225,64683,16207,579717,962709,751039,940058,476115,741440,727865,181214,64469,16188,579125,962145,749868,937761,473959,738875,727425,180149,64266,16135,37.6
15/07/2017,19:08:45,579062,962692,752167,941805,478171,744540,728331,181045,64689,16225,579120,963323,751568,939475,475950,742302,727529,180390,64518,16187,578997,962895,750706,939398,475474,740214,727004,178238,64301,16130,37.5
15/07/2017,19:11:45,579435,962073,751512,941983,478108,744637,728969,182278,64769,16274,580595,962659,752713,943052,480045,745871,729057,184910,65254,16364,580273,963078,753084,943187,480373,747838,730918,185377,65292,16422,37.5
15/07/2017,19:14:45,580633,962364,752579,946127,484081,752909,730114,191231,65888,16557,582286,966009,757377,951140,487605,756675,732007,192669,66274,16689,582160,964540,755303,949174,486177,754525,731066,188853,66016,16592,37.5
15/07/2017,19:17:45,581210,963641,754554,946234,482897,751587,730196,186698,65598,16475,579736,963700,752646,943657,480602,748530,729076,183871,65255,16364,579375,961102,751568,943568,479902,746604,728909,183102,65160,16366,37.5
15/07/2017,19:20:45,579052,961041,750947,941554,476855,742661,726792,179274,64434,16123,577870,958959,749522,937254,473526,737409,725696,176248,63677,15910,576648,959212,747156,932515,470044,733904,724010,175743,63516,15876,37.6
15/07/2017,19:23:45,575562,955279,746542,933412,471828,736773,722676,173763,63964,16034,575913,954827,743938,930841,469359,730846,720692,169317,63271,15812,572086,950998,740321,924152,464646,726398,717823,166578,62788,15686,37.7
15/07/2017,19:26:45,569599,949059,735699,914297,453788,710879,714485,163009,60820,15144,569354,949295,734568,912757,453350,710864,714528,164321,61038,15208,569512,949413,736750,917132,458623,718444,715690,164937,61751,15409,37.9
15/07/2017,19:29:45,570644,950411,738480,920266,461307,723476,716906,167554,62455,15602,571680,950442,740581,925560,466532,727974,719258,168869,63092,15792,573088,952967,742123,929587,470219,733666,720493,171244,63762,15989,37.8
15/07/2017,19:32:45,575686,954927,746618,935812,476232,741419,723100,175113,64572,16185,575509,954884,746379,934358,474807,739543,722663,175011,64361,16125,575924,955461,747651,937170,476921,742218,723893,176222,64666,16200,37.7
15/07/2017,19:44:45,576575,956508,750734,941758,479255,747330,725299,178467,64955,16239,576000,957079,750461,940821,479611,746133,725657,178565,64948,16245,576401,957019,749677,941105,479684,746310,725810,179486,64967,16249,36.7
15/07/2017,19:47:45,577009,957476,750856,942653,480777,748658,726483,180379,65191,16285,576940,957925,750906,942951,481293,748440,726887,179966,65168,16281,577218,957666,751236,943134,481722,748882,727133,180657,65239,16310,36.6
15/07/2017,19:50:45,577259,959138,751068,943539,482800,750642,727629,180886,65414,16366,577475,958174,751901,944463,482924,751037,727060,181634,65468,16360,576927,957468,751631,943538,482908,750680,726793,181581,65347,16323,36.6
15/07/2017,19:53:45,578137,957154,752570,944232,482834,752239,727758,183069,65529,16385,579063,959170,752879,945438,485179,752607,728111,184870,65643,16423,578204,959662,752901,947210,485029,754358,727674,185969,65892,16445,36.6
15/07/2017,19:56:45,578816,959496,754082,948075,486929,756306,728898,187221,66094,16516,578894,959574,753649,949866,487938,756206,729023,187628,66203,16544,579002,959159,753890,949215,487574,755729,729701,187652,66162,16538,36.6
15/07/2017,19:59:45,578812,958714,754155,948456,486931,756326,728412,186358,65895,16456,578286,958382,753480,946959,485478,753273,728546,185664,65762,16407,578628,958276,752908,947567,485438,754196,728259,186187,65833,16431,36.6
15/07/2017,20:02:45,578640,959057,753830,948717,486275,755774,728978,186201,65917,16452,578569,958813,753537,946963,485859,754136,728666,185515,65792,16404,578550,960205,753825,948935,486232,754833,728664,186414,65923,16437,36.6
15/07/2017,20:05:45,578692,958924,753994,948539,486574,757063,728722,186293,65954,16445,578826,959246,754037,948743,486491,755679,728095,185971,65894,16433,578822,960629,754061,948593,487062,755942,729208,186478,65812,16386,36.6
15/07/2017,20:08:45,579495,959505,754472,949353,487592,757389,729246,189894,66033,16455,579263,960111,754602,949515,487562,757101,729194,190178,66019,16440,579457,960112,754475,949703,487851,756303,728214,190898,66058,16458,36.6
15/07/2017,20:11:45,579534,960598,754925,950208,488358,759114,730236,191932,66135,16455,580171,961062,755451,950788,488502,758475,730325,192723,66132,16459,580288,960110,756012,951912,489012,759413,730808,193805,66203,16481,36.6
15/07/2017,20:14:45,580137,961052,755758,951382,488516,759313,730712,192407,66086,16416,579943,960443,755026,949726,487785,757432,730613,190270,65799,16348,579266,959150,754201,948901,486080,755096,729151,188957,65535,16267,36.6
15/07/2017,20:17:45,576923,957255,751901,944081,480664,749194,726635,183027,64629,16024,577647,957778,751382,945021,481002,749655,727563,183711,64810,16039,577774,957738,752025,944407,481328,749673,726993,183739,64805,16019,36.5
15/07/2017,20:20:45,578128,958958,753286,945802,482333,752712,728214,186220,64972,16095,578217,957876,752721,946434,482663,751537,728579,185576,64940,16050,577195,958463,752743,945751,481379,750980,727645,184613,64816,16018,36.5
15/07/2017,20:23:45,577697,956593,752649,944639,481117,750742,727003,182941,64747,15963,578168,957403,751958,944381,480567,747982,727409,181042,64454,15921,576978,956842,751317,944331,479249,747614,726754,180237,64386,15911,36.7
15/07/2017,20:26:45,575531,954824,748961,939506,475848,744223,724980,177269,63812,15713,575682,954508,749051,939452,475192,741943,724448,176784,63701,15675,576095,955144,749566,939902,475742,742381,724773,176805,63605,15646,36.8
15/07/2017,20:29:45,575812,955004,749260,938555,473985,741980,724208,175515,63398,15581,576271,955683,750211,939830,475110,742228,725348,176978,63486,15598,576304,955345,749199,938832,474404,741688,725008,176555,63392,15570,36.9
15/07/2017,20:32:45,575047,954151,748527,938396,473903,741044,723471,173219,63320,15532,575703,953856,749127,937321,473497,741542,724829,174095,63366,15558,575443,954234,748878,938624,473141,741313,725164,173575,63373,15548,37.0
15/07/2017,20:44:45,574545,952808,746882,934542,468951,736951,721766,167721,62365,15164,575240,952246,746902,934970,469471,736523,721923,168110,62374,15181,574652,951512,746089,934014,468274,734201,722075,167623,62242,15150,37.4
15/07/2017,20:47:44,574549,952345,746265,934485,467697,734980,722150,167720,62077,15071,574186,951928,746184,933568,467976,733954,721117,166954,61944,15043,574056,951804,745480,933181,466743,732915,721349,166787,61771,14992,37.5
15/07/2017,20:50:44,574256,950910,745727,932404,465370,732321,721005,165832,61542,14905,573938,951424,745619,931724,464805,730781,721376,165620,61635,14943,574222,950825,745642,932612,466590,732456,720768,165241,61703,14967,37.5
15/07/2017,20:53:44,574420,950767,744789,933271,466565,734148,720920,166394,61735,14960,574606,950757,745892,934700,467312,733746,721463,167383,61883,14976,573802,951327,745421,932916,466317,733712,721689,167427,61780,14965,37.4
15/07/2017,20:56:44,574738,951828,747260,935108,467947,735853,722742,167964,61860,14971,574276,950772,747020,934427,467832,734924,722231,167456,61786,14940,574649,951193,746210,934109,466425,733036,721305,166112,61531,14863,37.4
15/07/2017,20:59:44,573837,950883,746165,932541,464663,733280,721511,166403,61391,14812,574139,950955,746357,932600,465283,731593,722002,166883,61370,14806,574081,950406,746187,933310,466427,732334,721953,167658,61513,14837,37.2
15/07/2017,21:02:44,572687,948973,744623,930905,463659,730786,720211,164458,61053,14697,572534,948923,745040,930298,463865,728796,719689,162940,60888,14651,571611,947487,743333,927035,459707,724771,718647,159976,60390,14493,37.0
15/07/2017,21:05:44,571389,947345,743299,927930,459847,726289,719034,159974,60321,14487,572468,949245,745154,930752,462128,729168,720782,163141,60806,14596,572893,949470,744727,931863,464511,731996,721861,165577,61172,14691,37.0
15/07/2017,21:08:44,573309,950405,745889,932436,463132,730154,720801,162794,60726,14550,572699,949479,745953,932068,463026,729844,721175,163449,60777,14559,574172,950751,747037,934021,465160,732546,722441,166092,61034,14628,36.9
15/07/2017,21:11:44,574513,951609,747751,934031,464138,732162,721644,164542,60758,14549,572217,948691,745161,929801,460493,727830,721042,161171,60177,14397,571480,948090,743341,928321,457621,723609,719505,159165,59782,14277,36.7
15/07/2017,21:14:44,567614,943317,737155,914933,445657,709186,714333,151909,58336,13878,569576,944518,740696,922068,452305,716029,716704,154351,58890,14017,569450,945514,740070,922417,453103,718664,717247,154679,59162,14089,36.7
15/07/2017,21:17:44,570573,946023,742439,926042,456320,722523,717884,155762,59493,14159,571175,946510,743166,927400,458289,724154,718591,158551,59800,14217,571761,947515,743421,929251,459466,725814,719473,159992,59993,14253,36.9
15/07/2017,21:20:44,570672,946017,742763,926062,455956,722705,718203,158340,59459,14095,570795,946286,743846,926896,456740,723603,718575,158694,59486,14114,571018,946179,743839,927811,457302,722939,718417,159018,59454,14089,36.9
15/07/2017,21:23:44,570706,946064,743486,927583,456617,723581,718394,159291,59352,14035,570543,945484,743522,926973,456944,723583,718040,159811,59458,14057,570402,946418,742560,927758,456920,722922,718648,159670,59401,14040,36.6
15/07/2017,21:26:44,569634,944584,740631,922417,451089,716177,715935,153630,58248,13710,568023,943251,739289,919554,448368,712164,714791,151627,57825,13617,567662,942470,738875,919090,448340,712574,715290,152006,57900,13623,36.4
15/07/2017,21:29:44,569539,944338,741539,923700,451415,717802,716816,155404,58294,13715,567964,943429,740482,922322,450352,715743,716147,154297,58219,13675,568522,943010,740418,922049,449687,714457,716499,153677,58115,13636,36.3
15/07/2017,21:32:44,568793,943982,741245,923301,450506,716966,717512,155457,58258,13672,568633,943543,740038,922381,450883,716664,716724,155112,58171,13641,568541,943191,740565,922178,449683,715069,716370,154941,57992,13581,36.5
15/07/2017,21:43:07,565514,939386,736363,915189,442102,706899,713168,150410,56614,13135,566055,940005,737358,916560,443597,708190,713881,151266,56751,13154,566265,939873,736804,916039,442696,706801,713564,150805,56610,13111,36.3
15/07/2017,21:53:43,563409,935758,734258,910560,435934,699738,710568,145218,55169,12648,563723,935603,734122,909826,436313,700582,710519,146152,55309,12665,563979,936455,734617,910692,436027,699671,710318,146221,55259,12657,36.2
15/07/2017,21:56:44,562066,934438,731310,907245,432485,695036,708407,143173,54596,12452,561809,933278,730980,905525,431004,693126,707643,141889,54404,12386,561537,933122,731198,904629,430285,692174,708100,141745,54179,12338,36.2
15/07/2017,21:59:44,562430,934132,732192,907407,431730,694823,708789,143791,54402,12360,561966,934253,732887,907019,432020,694841,709122,143823,54321,12335,561316,933148,731237,905232,430095,691636,707840,142589,54037,12263,36.0
15/07/2017,22:02:44,562129,934250,732100,905593,429003,692567,708505,142008,53927,12181,561878,933753,732385,906056,429341,692122,708169,141935,53807,12176,561845,933664,732074,905426,428319,690714,708347,141207,53564,12091,36.0
15/07/2017,22:05:44,560064,931771,730209,901659,425764,688439,707306,139857,53312,12006,560920,932238,730750,902862,426646,688784,707513,140164,53356,12018,561754,932784,731280,903986,427039,689456,708205,140320,53314,12009,36.0
15/07/2017,22:08:44,561553,933693,732160,904267,425725,688549,708316,140170,53022,11899,561392,933144,731384,902851,424436,686930,707922,139406,52766,11845,561077,932780,730873,902890,424368,686235,708146,139062,52777,11825,35.9
15/07/2017,22:11:44,560128,931553,729642,899788,420744,682822,705950,136439,52040,11636,560154,931101,729474,899791,421006,682796,706752,136309,52249,11661,560119,931562,729592,899896,420942,681977,706350,136329,52137,11615,35.9
15/07/2017,22:14:44,561496,932607,731265,902717,423477,686651,707889,140580,52411,11679,561129,932425,731634,902919,422755,685161,708329,140191,52348,11641,561187,932642,731029,902242,422109,684196,707839,139213,52168,11579,35.9
15/07/2017,22:17:44,559650,929681,728663,897334,416894,678125,705287,136054,51413,11354,559454,930004,728392,896813,416616,677499,705357,135874,51274,11331,559141,929923,727489,896695,416351,677257,705631,135997,51187,11312,35.9
15/07/2017,22:20:44,559818,930934,728779,897396,416508,679075,706153,136036,51148,11269,559323,929449,728354,897280,415768,676731,705751,135271,50937,11200,559033,929422,727881,896061,414674,675676,704687,134267,50749,11145,35.8
15/07/2017,22:23:44,558041,927689,726548,894391,412779,673712,704167,133549,50409,11029,558001,927810,726314,893456,411214,671470,703631,132537,50208,10993,558080,928337,726464,893429,411526,671672,703935,132410,50128,10963,35.7
15/07/2017,22:26:44,557841,928061,726825,893851,411423,672727,704290,131987,50127,10925,558731,928697,727294,894104,411221,672316,704441,132635,50025,10891,558202,928299,727779,893835,410719,671961,704920,131914,49900,10848,35.7
15/07/2017,22:29:44,556806,926913,725719,890287,407339,667909,703436,129532,49360,10708,557288,926162,725905,891207,407261,667429,703901,130022,49321,10694,557126,927672,726332,891307,407336,667697,703435,129722,49237,10644,35.6
15/07/2017,22:32:44,556790,926427,725432,889807,405076,665643,703075,129088,48973,10550,556787,925906,725793,888790,405071,665430,702845,128524,48904,10528,556818,926124,725932,890214,404837,665482,702135,129032,48714,10491,35.5
15/07/2017,22:43:07,551300,919705,718645,876384,389057,646604,696978,120170,46002,9682,550978,919448,717587,874500,387462,643992,696172,119244,45714,9606,550388,918035,716457,872732,386412,642592,695402,118157,45524,9555,35.5
15/07/2017,22:53:57,551078,920006,718047,872599,381677,638632,697169,121393,44278,9123,551369,919497,717658,871571,380585,637637,697009,121525,44268,9094,551990,919676,718334,872451,380851,637582,697178,122144,44204,9071,35.3
15/07/2017,23:04:26,550589,918945,717814,868838,373459,630279,696338,118337,42624,8551,550465,918319,717966,869199,373123,630283,696997,118046,42487,8516,550385,918247,717104,867892,371888,628016,696139,117256,42290,8471,34.8
15/07/2017,23:15:10,546926,914148,713401,858913,359315,614215,693396,112886,39924,7756,547000,914358,713601,858878,358714,612800,692990,112486,39783,7712,546378,913568,712775,857614,357605,611628,692687,111852,39601,7671,34.2
15/07/2017,23:25:45,544708,910922,710509,850609,346504,599594,691064,108017,37435,7032,544550,910769,710186,850177,345797,598894,690528,107874,37361,7000,544642,910881,710330,850549,345822,598914,691287,108684,37302,6979,33.9
15/07/2017,23:36:33,541210,906466,705491,839634,330734,581692,687148,105328,34601,6227,541175,906110,705438,838829,329850,580341,686720,105002,34456,6193,540972,905695,705273,837726,329495,579520,686838,104834,34344,6165,33.5
15/07/2017,23:38:32,541137,906633,705937,837984,327859,578551,687101,104970,34143,6103,540854,905998,705481,837534,327664,577772,687333,104871,34014,6060,540826,905742,705333,837051,326907,577078,687422,104725,33880,6025,33.4
15/07/2017,23:41:43,539499,903934,703211,832439,321791,570524,685494,101234,33019,5807,539359,904148,702695,832064,320551,568748,684639,100511,32833,5761,538775,903111,702244,830873,319525,567670,684644,100115,32658,5719,33.1
15/07/2017,23:44:43,537531,901491,700983,827429,315206,562207,683612,98310,32005,5549,537299,901590,701571,827042,314721,561901,683101,98373,31889,5520,537410,902089,700989,826808,314410,561336,683236,98257,31767,5488,32.9
15/07/2017,23:47:43,537186,901555,701234,825364,311284,558168,683549,97191,31227,5341,537513,901993,701246,824600,310377,556945,683015,96977,31074,5300,537064,901260,699558,823355,309046,555015,682793,96047,30865,5250,32.7
15/07/2017,23:49:41,536395,901009,699189,821839,307447,553299,682925,96028,30585,5179,536240,900553,699092,821904,306298,551884,682136,95514,30417,5137,535740,899678,698882,820326,305598,550839,682116,95376,30261,5099,32.7
15/07/2017,23:53:43,534438,897761,697327,816171,300028,544563,679930,93729,29371,4868,534646,898317,696795,815872,299169,543202,680814,93616,29230,4829,534485,898187,697168,815460,298391,542537,680615,93519,29102,4797,32.3
15/07/2017,23:56:43,533820,897431,696203,812508,294821,538075,679521,92387,28493,4642,533804,897310,695655,812156,293800,536916,679594,92053,28309,4601,533522,896796,695328,811175,292761,535497,678963,91578,28137,4561,32.2
15/07/2017,23:58:46,531917,895537,693130,808569,289985,532482,678049,90393,27738,4468,532043,894480,692939,807327,289029,530467,677544,89769,27558,4422,531274,893885,692638,806162,288007,529114,676794,89265,27384,4384,32.2
